//	Instance:	Sha06.xls
6 0
//	Class:	a
//		15	---	number	of	customers	(depot	not	included)
//		4	---	number	of	vehicles	(lower	bound) 
//		56	---	number	of	box	types
//		228	---	number	of	items
15 4 56 228
//	Capacity (kg)	-	height	-	width	-	length	of	vehicles	(cm)
//	8000		240		217		640
8000 240 217 640
//	Node - number of box types - h - w - l - number of box - fragility for each item - weight
0	0
1	23
14	31	43	1	1	1
14	40	60	1	0	1
14	43	62	1	1	1
15	25	65	1	0	1
165	180	216	2	0	1
28	31	43	2	0	1
28	40	60	2	0	1
28	43	62	10	0	1
30	42	42	1	1	1
58	46	52	1	0	1
5	25	65	2	0	1
60	40	83	2	0	1
65	113	123	21	0	1
65	130	160	3	0	1
69	140	160	2	0	1
70	120	128	10	0	1
71	90	128	1	0	1
76	86	136	2	0	1
80	113	140	2	0	1
80	115	140	2	0	1
80	120	140	6	0	1
83	140	160	3	0	1
84	133	205	7	0	1
2	4
14	31	43	1	1	1
14	43	62	13	0	1
27	31	43	1	1	1
27	43	62	1	0	1
3	14
116	70	145	2	0	1
12	17	25	4	0	1
12	22	32	11	0	1
13	21	33	2	0	1
13	22	31	2	0	1
14	16	35	6	0	1
15	18	69	2	0	1
17	25	84	2	0	1
18	22	31	3	0	1
18	22	35	1	1	1
20	25	35	1	0	1
22	24	33	2	0	1
69	90	128	4	0	1
76	96	136	3	0	1
4	1
27	43	62	1	1	1
5	1
75	113	145	2	0	1
6	3
16	23	29	2	0	1
25	22	32	2	0	1
25	23	63	2	0	1
7	1
28	28	48	3	0	1
8	4
105	80	128	6	0	1
14	31	43	1	1	1
14	43	62	2	0	1
28	40	60	1	0	1
9	2
14	43	62	4	0	1
69	90	128	1	0	1
10	2
13	31	43	5	0	1
14	31	43	2	0	1
11	6
105	70	128	2	0	1
124	90	133	8	0	1
14	43	62	2	0	1
23	60	86	2	0	1
27	43	62	4	0	1
76	96	136	1	0	1
12	2
14	43	62	3	0	1
20	30	40	3	0	1
13	3
27	43	62	1	1	1
27	48	65	1	0	1
41	62	86	1	0	1
14	5
145	97	106	2	0	1
14	22	31	1	1	1
14	43	62	4	0	1
15	40	60	1	1	1
27	43	62	1	0	1
15	4
14	43	62	1	1	1
27	43	62	8	0	1
49	90	128	1	0	1
69	90	128	1	0	1
// node 1 --- node 2 --- distance
0	1	7.1
0	2	5.7
0	3	30.7
0	4	50.7
0	5	30.9
0	6	28.2
0	7	45
0	8	63.5
0	9	41.3
0	10	43.3
0	11	67.8
0	12	71.6
0	13	74.2
0	14	47.5
0	15	46.6
1	2	3.8
1	3	25.4
1	4	17
1	5	30.3
1	6	15.9
1	7	28.1
1	8	56.5
1	9	34.4
1	10	38.3
1	11	59.9
1	12	64.7
1	13	67.4
1	14	38.7
1	15	39.4
2	3	28.8
2	4	17.1
2	5	30.7
2	6	16
2	7	42.1
2	8	60.2
2	9	38.1
2	10	42
2	11	63.6
2	12	68.3
2	13	71.1
2	14	38.6
2	15	43.1
3	4	8.9
3	5	54.6
3	6	9.8
3	7	26
3	8	62
3	9	48.5
3	10	52.4
3	11	74
3	12	69.7
3	13	67.8
3	14	62.4
3	15	40.9
4	5	54.6
4	6	44.6
4	7	20.1
4	8	6.5
4	9	10.8
4	10	8.2
4	11	19.8
4	12	19
4	13	21.7
4	14	71.5
4	15	10.2
5	6	31.3
5	7	47.4
5	8	62.5
5	9	44
5	10	45.9
5	11	59
5	12	66.9
5	13	69.6
5	14	13.8
5	15	49.3
6	7	20.1
6	8	52.3
6	9	36.9
6	10	38.9
6	11	63.2
6	12	67.2
6	13	65
6	14	67.8
6	15	38.4
7	8	34.1
7	9	15.4
7	10	17.5
7	11	47.4
7	12	51.4
7	13	48.1
7	14	63.9
7	15	16.6
8	9	18
8	10	15.5
8	11	12.3
8	12	11.5
8	13	14.2
8	14	72.2
8	15	18.7
9	10	4.2
9	11	34.9
9	12	28.7
9	13	31.4
9	14	60
9	15	5.8
10	11	26.9
10	12	26.2
10	13	28.9
10	14	61.9
10	15	4.9
11	12	16.3
11	13	19
11	14	69.5
11	15	29.8
12	13	3.1
12	14	80.6
12	15	28.6
13	14	83
13	15	29.1
14	15	64.5