//	Instance:	Sha01.xls
1 0
//	Class:	a
//		5	---	number	of	customers	(depot	not	included)
//		2	---	number	of	vehicles	(lower	bound) 
//		26	---	number	of	box	types
//		261	---	number	of	items
5 2 26 261
//	Capacity (kg)	-	height	-	width	-	length	of	vehicles	(cm)
//	8000		242		217		640
8000 242 217 640
//	Node - number of box types - h - w - l - number of box - fragility for each item - weight
0	0
1	1
26	30	40	3	0	1
2	8
14	43	62	2	0	1
27	31	43	1	1	1
27	43	62	6	0	1
49	90	128	1	0	1
67	120	114	1	0	1
69	90	128	7	0	1
77	90	142	1	0	1
78	93	134	2	0	1
3	2
145	85	120	2	0	1
155	85	130	2	0	1
4	18
10	10	10	1	1	1
110	80	128	3	0	1
13	22	31	3	0	1
145	96	120	1	0	1
14	22	31	43	0	1
14	31	43	72	0	1
14	43	62	9	0	1
160	100	128	1	0	1
180	110	145	1	0	1
183	77	128	1	0	1
184	90	136	1	0	1
26	31	43	1	1	1
27	26	46	3	0	1
27	31	43	44	0	1
27	43	62	23	0	1
69	90	128	3	0	1
90	92	122	2	0	1
96	80	128	1	0	1
5	3
27	31	43	4	0	1
69	90	128	12	0	1
76	96	136	4	0	1
// node 1 --- node 2 --- distance
0	1	82.7
0	2	100
0	3	98.8
0	4	92.5
0	5	90.3
1	2	14.3
1	3	14.7
1	4	26.4
1	5	38.9
2	3	1.2
2	4	15
2	5	27
3	4	13.9
3	5	25.8
4	5	12.7
