//	Instance:	Sha08.xls
8 0
//      Class a 
//	18	---	number	of	customers	(depot	not	included)
//	6	---	number	of	vehicles	(lower	bound)
//	51	---	number	of	box	types
//	303	---	number	of	items
18 6 51 303
//	Capacity (kg)	-	height	-	width	-	length	of	vehicles	(cm)
//	8000 242 217 640
8000 242 217 640
//	Node - number of box types - h - w - l - number of box - fragility for each item - weight
0	0
1	1
60	125	134	7	0	1
2	8
115	79	270	6	0	1
120	110	220	1	0	1
160	90	120	2	0	1
160	90	200	2	0	1
161	80	230	1	0	1
27	43	62	5	0	1
49	90	128	4	0	1
69	90	128	6	0	1
3	5
105	70	110	4	0	1
110	70	250	2	0	1
110	70	290	4	0	1
120	113	123	4	0	1
15	30	40	2	0	1
4	2
27	40	60	2	0	1
70	121	136	2	0	1
5	1
150	104	135	1	0	1
6	1
100	60	120	1	0	1
7	1
27	43	62	7	0	1
8	1
96	135	155	3	0	1
9	1
69	90	128	1	0	1
10	2
14	31	43	1	1	1
75	108	128	3	0	1
11	1
27	31	43	1	1	1
12	5
102	100	145	4	0	1
105	100	146	4	0	1
105	70	180	2	0	1
105	71	171	4	0	1
105	90	128	2	0	1
13	12
14	31	43	4	0	1
14	43	62	16	0	1
15	30	40	4	0	1
15	40	60	4	0	1
24	40	71	1	1	1
27	43	62	6	0	1
28	40	60	2	0	1
31	40	71	15	0	1
32	40	71	2	0	1
32	60	84	4	0	1
39	62	84	4	0	1
40	62	86	8	0	1
14	4
110	100	145	5	0	1
110	70	128	1	0	1
131	100	180	3	0	1
69	90	128	1	0	1
15	8
103	110	120	1	0	1
105	70	128	3	0	1
106	70	128	3	0	1
108	72	128	1	0	1
110	70	128	1	0	1
115	100	120	3	0	1
27	43	62	4	0	1
32	27	30	2	0	1
16	8
14	31	43	3	0	1
27	31	43	11	0	1
27	43	62	10	0	1
30	34	52	1	1	1
31	36	54	3	0	1
32	36	53	40	0	1
69	90	128	12	0	1
8	19	27	16	0	1
17	3
110	70	128	1	0	1
69	116	124	12	0	1
69	90	128	7	0	1
18	1
25	32	41	1	1	1
// node 1 --- node 2 --- distance
0	1	20.3
0	2	26.9
0	3	22
0	4	24.9
0	5	19.8
0	6	21
0	7	23.1
0	8	19.8
0	9	22.9
0	10	23.6
0	11	17.8
0	12	20.2
0	13	18.4
0	14	17.2
0	15	17.7
0	16	21
0	17	13.9
0	18	14.8
1	2	4.8
1	3	2.8
1	4	5.3
1	5	7.4
1	6	1.7
1	7	3.9
1	8	0.87
1	9	6.6
1	10	6.8
1	11	4.5
1	12	5.4
1	13	2
1	14	3.2
1	15	2.7
1	16	4.5
1	17	6.6
1	18	4.8
2	3	7.4
2	4	6.9
2	5	9.2
2	6	4.6
2	7	8.5
2	8	6.8
2	9	8.3
2	10	8
2	11	1.7
2	12	4.2
2	13	3
2	14	2
2	15	2.4
2	16	5.6
2	17	4.1
2	18	4.8
3	4	4.3
3	5	9.7
3	6	3.8
3	7	5.7
3	8	3.8
3	9	6.7
3	10	4.3
3	11	6.8
3	12	7.4
3	13	4.3
3	14	5.5
3	15	4.9
3	16	5.1
3	17	8.9
3	18	6
4	5	5.9
4	6	6.3
4	7	8.2
4	8	6.5
4	9	3.8
4	10	2
4	11	8.2
4	12	10.8
4	13	6.3
4	14	7
4	15	6.5
4	16	1.7
4	17	11
4	18	2.7
5	6	14.6
5	7	16.8
5	8	15
5	9	5.7
5	10	10.1
5	11	11.4
5	12	13.8
5	13	11.9
5	14	11
5	15	11.4
5	16	6.7
5	17	13.8
5	18	6
6	7	3.9
6	8	2.3
6	9	7.6
6	10	7.9
6	11	4.7
6	12	4.2
6	13	1.8
6	14	3.4
6	15	2.4
6	16	5.4
6	17	5.3
6	18	4.6
7	8	2.7
7	9	10
7	10	10.3
7	11	5.5
7	12	3.8
7	13	5.3
7	14	5.1
7	15	5.4
7	16	7.7
7	17	6.1
7	18	8.1
8	9	6.9
8	10	7.7
8	11	4.9
8	12	4.4
8	13	2
8	14	4.6
8	15	2.7
8	16	5.7
8	17	5.6
8	18	4.8
9	10	3.5
9	11	9.1
9	12	11
9	13	6.6
9	14	7.8
9	15	7.2
9	16	2.2
9	17	11.2
9	18	2.8
10	11	9.5
10	12	11.9
10	13	7.5
10	14	8.2
10	15	7.6
10	16	2.8
10	17	12.2
10	18	3.8
11	12	3.8
11	13	2.9
11	14	1.8
11	15	2.1
11	16	7.2
11	17	2.5
11	18	6.3
12	13	4.2
12	14	3.7
12	15	4.8
12	16	9.1
12	17	3.8
12	18	8.2
13	14	1.7
13	15	1.1
13	16	4.9
13	17	5.1
13	18	4
14	15	0.83
14	16	5.5
14	17	4.6
14	18	4.6
15	16	5.3
15	17	4.7
15	18	4.4
16	17	9.8
16	18	1.4
17	18	8.9
