//	Instance:	Sha05.xls
5 0
//	Class:	a
//	12	---	number	of	customers	(depot	not	included)
//	4	---	number	of	vehicles	(lower	bound)
//	59	---	number	of	box	types
//	228	---	number	of	items
12 4 59 228
//	Capacity (kg)	-	height	-	width	-	length	of	vehicles	(cm)
//	8000	240	217	640
8000 240 217 640
//	Node - number of box types - h - w - l - number of box - fragility for each item - weight
0	0
1	12
105	95	120	1	0	1
105	95	128	1	0	1
108	95	120	1	0	1
14	43	62	1	0	1
150	70	180	2	0	1
15	20	30	1	0	1
15	30	40	1	1	1
160	99	105	4	0	1
18	25	45	4	0	1
20	20	20	4	0	1
22	27	38	23	0	1
25	23	35	1	1	1
2	2
27	43	62	2	0	1
49	90	128	2	0	1
3	26
100	90	128	1	0	1
112	105	125	1	0	1
112	110	150	2	0	1
13	36	82	2	0	1
14	31	43	14	0	1
14	43	62	22	0	1
150	90	128	9	0	1
25	90	128	1	0	1
43	90	128	15	0	1
47	90	128	8	0	1
49	105	125	4	0	1
55	41	103	1	0	1
6	39	113	1	0	1
70	105	125	1	0	1
72	105	125	6	0	1
74	105	125	1	0	1
79	110	150	4	0	1
83	105	125	6	0	1
84	102	125	1	0	1
84	105	125	2	0	1
84	110	150	2	0	1
90	90	140	4	0	1
95	105	125	5	0	1
95	110	150	1	0	1
97	105	125	1	0	1
99	105	125	1	0	1
4	2
77	100	110	1	0	1
90	90	140	4	0	1
5	7
105	70	128	2	0	1
110	70	128	2	0	1
14	31	43	1	0	1
14	43	62	3	0	1
35	50	50	1	1	1
40	80	120	3	0	1
49	90	128	1	0	1
6	3
150	80	125	1	0	1
21	26	40	1	1	1
69	90	128	1	0	1
7	5
14	31	43	10	0	1
27	43	62	2	0	1
28	40	60	2	0	1
31	27	45	2	0	1
6	9	12	1	1	1
8	1
25	36	36	2	0	1
9	6
110	60	145	1	0	1
110	60	146	1	0	1
111	60	146	2	0	1
128	60	146	1	0	1
20	30	40	2	0	1
35	31	58	2	0	1
10	1
49	90	128	2	0	1
11	2
12	16	34	4	0	1
28	40	60	3	0	1
12	1
28	30	40	6	0	1
// node 1 --- node 2 --- distance
0	1	117.8
0	2	115.8
0	3	111.2
0	4	113.2
0	5	89.7
0	6	109.6
0	7	109.7
0	8	94.4
0	9	89.2
0	10	127
0	11	108.1
0	12	113.5
1	2	2.9
1	3	48.3
1	4	60.2
1	5	58.5
1	6	46.7
1	7	65.2
1	8	58
1	9	59.2
1	10	14.9
1	11	14.7
1	12	20
2	3	47.8
2	4	59.8
2	5	56.9
2	6	46.3
2	7	64.8
2	8	57.5
2	9	58.8
2	10	19.6
2	11	15.1
2	12	18.3
3	4	44.2
3	5	30.4
3	6	30.6
3	7	49.5
3	8	41.9
3	9	43.1
3	10	28
3	11	62
3	12	38.6
4	5	31.7
4	6	13
4	7	15.9
4	8	21.2
4	9	28.1
4	10	71.8
4	11	73.6
4	12	48.3
5	6	28.1
5	7	19.9
5	8	10.7
5	9	13.5
5	10	69.6
5	11	51.8
5	12	46.1
6	7	21.1
6	8	22.4
6	9	23.2
6	10	57.8
6	11	59.6
6	12	36.3
7	8	18.7
7	9	34.6
7	10	96.9
7	11	37
7	12	22.1
8	9	7.1
8	10	68.3
8	11	60.5
8	12	66.5
9	10	68.5
9	11	58.3
9	12	64.4
10	11	18.5
10	12	27.8
11	12	17