//	Instance:	Sha02.xls
2 0
//	Class:	a
//	8	---	number	of	customers	(depot	not	included)
//	6	---	number	of	vehicles	(lower	bound)
//	50	---	number	of	box	types
//	167	---	number	of	items
8 6 50 167
//	Capacity (kg)	-	height	-	width	-	length	of	vehicles	(cm)
//	2500	175	180	415
2500 175 180 415
//	Node - number of box types - h - w - l - number of box - fragility for each item - weight
0	0
1	20
10	50	64	1	0	1
11	30	54	1	1	1
12	22	76	1	1	1
12	30	40	8	0	1
12	32	39	6	0	1
12	36	62	1	1	1
12	40	54	2	0	1
14	31	51	5	0	1
5	51	68	2	0	1
6	39	85	1	1	1
6	40	59	1	0	1
6	41	62	1	1	1
6	48	78	1	0	1
6	61	103	1	1	1
6	68	103	2	0	1
78	100	111	1	0	1
78	95	140	1	0	1
7	67	90	1	0	1
9	41	81	1	0	1
9	47	51	4	0	1
2	3
110	60	145	13	0	1
33	33	33	1	1	1
49	90	128	12	0	1
3	16
13	18	29	2	0	1
13	20	30	2	0	1
14	31	43	5	0	1
14	43	62	6	0	1
16	38	52	1	1	1
18	40	65	1	0	1
20	30	40	1	1	1
27	31	43	9	0	1
39	73	113	1	1	1
49	90	128	2	0	1
50	90	130	3	0	1
55	100	160	2	0	1
55	90	128	6	0	1
69	116	124	5	0	1
69	90	128	11	0	1
70	100	160	2	0	1
4	1
144	71	120	3	0	1
5	1
144	71	120	4	0	1
6	2
27	43	62	1	1	1
69	90	128	1	0	1
7	10
10	10	206	2	0	1
20	36	56	4	0	1
22	32	53	1	1	1
27	43	62	2	0	1
34	50	56	2	0	1
34	50	69	4	0	1
57	97	128	6	0	1
68	90	128	1	0	1
69	116	124	4	0	1
77	128	180	1	0	1
8	2
34	35	78	2	0	1
34	35	84	2	0	1
// node 1 --- node 2 --- distance
0	1	136
0	2	139.2
0	3	154.9
0	4	153.2
0	5	151.1
0	6	121.3
0	7	124.9
0	8	122.8
1	2	131.7
1	3	62.4
1	4	60.8
1	5	60.8
1	6	22.5
1	7	21.7
1	8	23.4
2	3	188.1
2	4	186.4
2	5	186.4
2	6	128.3
2	7	121.8
2	8	121.5
3	4	4.7
3	5	4.7
3	6	64.4
3	7	70
3	8	67.9
4	5	2.7
4	6	66.5
4	7	72.1
4	8	70
5	6	66.5
5	7	72.1
5	8	70
6	7	8.4
6	8	6.3
7	8	2