//	Instance:	Sha07.xls
7 0
//	Class:	a						
//	16	---	number	of	customers	(depot	not	included)
//	7	---	number	of	vehicles	(lower	bound)	
//	79	---	number	of	box	types		
//	439	---	number	of	items			
16 7 79 439
//	Capacity (kg)	-	height	-	width	-	length	of	vehicles	(cm)
//	15000	240	240	860
15000 240 240 860
//	Node - number of box types - h - w - l - number of box - fragility for each item - weight
0	0
1	14
110	60	145	3	0	1
119	60	145	2	0	1
126	60	145	2	0	1
129	60	145	1	0	1
165	98	305	3	0	1
17	30	60	1	1	1
17	38	52	1	1	1
18	22	35	2	0	1
21	23	31	1	1	1
25	18	38	1	1	1
25	90	128	1	0	1
27	31	43	2	0	1
28	35	90	2	0	1
69	90	128	13	0	1
2	2
14	31	43	2	0	1
49	90	128	4	0	1
3	10
130	60	145	1	0	1
14	31	43	4	0	1
15	18	32	1	1	1
17	21	34	1	1	1
19	20	33	12	0	1
32	22	30	1	1	1
69	90	128	3	0	1
73	95	150	2	0	1
76	113	140	1	0	1
87	115	140	1	0	1
4	1
69	90	128	4	0	1
5	5
105	89	133	55	0	1
105	90	128	4	0	1
110	70	128	2	0	1
110	89	133	3	0	1
125	89	133	10	0	1
6	3
110	70	128	2	0	1
112	100	150	1	0	1
115	89	133	1	0	1
7	13
100	110	145	2	0	1
110	100	145	2	0	1
11	24	33	1	1	1
123	90	134	2	0	1
14	43	62	1	1	1
15	30	40	2	0	1
15	40	60	1	1	1
160	73	160	2	0	1
18	25	25	3	0	1
27	31	43	3	0	1
27	43	62	1	1	1
28	40	60	1	1	1
68	90	128	3	0	1
8	2
110	70	128	52	0	1
123	89	133	56	0	1
9	5
10	10	10	1	1	1
14	22	31	2	0	1
14	43	62	5	0	1
15	40	60	4	0	1
27	43	62	7	0	1
10	9
14	43	62	2	0	1
16	20	20	1	1	1
21	22	35	1	1	1
24	34	34	1	1	1
26	22	47	2	0	1
30	24	34	1	1	1
60	110	150	1	0	1
6	19	29	1	1	1
70	90	128	2	0	1
11	1
30	30	40	2	0	1
12	1
105	70	128	1	0	1
13	1
27	44	78	1	0	1
14	21
100	70	128	2	0	1
110	60	145	2	0	1
14	43	62	17	0	1
15	40	60	3	0	1
16	35	46	3	0	1
17	38	52	6	0	1
24	42	55	1	1	1
27	43	62	38	0	1
28	40	60	1	1	1
33	43	62	1	1	1
34	43	62	1	1	1
36	82	122	2	0	1
47	60	78	1	1	1
48	82	122	2	0	1
53	80	120	1	0	1
55	82	122	1	0	1
55	83	126	6	0	1
56	82	122	1	0	1
60	86	129	2	0	1
62	81	122	1	0	1
69	90	128	1	0	1
15	1
69	90	128	1	0	1
16	10
150	110	120	1	0	1
24	34	52	2	0	1
26	34	52	1	1	1
30	29	45	4	0	1
36	38	51	5	0	1
3	34	52	1	1	1
49	90	128	4	0	1
69	90	128	4	0	1
78	90	128	5	0	1
80	90	110	1	0	1
// node 1 --- node 2 --- distance
0	1	70
0	2	36.5
0	3	71.2
0	4	98.5
0	5	79.3
0	6	61.6
0	7	60.9
0	8	61.2
0	9	69
0	10	10.4
0	11	81.7
0	12	40.2
0	13	81.4
0	14	57.6
0	15	68.5
0	16	69.3
1	2	36.7
1	3	4.7
1	4	23.3
1	5	13.3
1	6	43.5
1	7	43.3
1	8	43.6
1	9	54.2
1	10	72.5
1	11	55.7
1	12	37.6
1	13	55.4
1	14	58.6
1	15	53.7
1	16	55.2
2	3	40.6
2	4	78.7
2	5	47.3
2	6	55.6
2	7	55.4
2	8	55.7
2	9	51.3
2	10	25.9
2	11	81.1
2	12	25.5
2	13	48.1
2	14	125.4
2	15	50.8
2	16	62.9
3	4	30
3	5	11.4
3	6	34.5
3	7	34.3
3	8	34.6
3	9	59.1
3	10	71.6
3	11	60.6
3	12	42.5
3	13	60.3
3	14	63.5
3	15	58.6
3	16	60.1
4	5	24.8
4	6	56.1
4	7	55.9
4	8	56.2
4	9	34.5
4	10	100.9
4	11	36.1
4	12	50.6
4	13	35.8
4	14	38.9
4	15	34
4	16	35.5
5	6	43.1
5	7	42.8
5	8	43.2
5	9	66.1
5	10	80.5
5	11	57.7
5	12	49.5
5	13	57.4
5	14	70.5
5	15	65.6
5	16	67.1
6	7	0.33
6	8	0.92
6	9	87.5
6	10	66.1
6	11	89
6	12	66.5
6	13	88.6
6	14	91.9
6	15	87
6	16	88.5
7	8	0.69
7	9	87.2
7	10	65.9
7	11	88.7
7	12	66.3
7	13	88.4
7	14	91.6
7	15	86.7
7	16	88.2
8	9	87.6
8	10	66.2
8	11	89.1
8	12	66.6
8	13	88.7
8	14	92
8	15	87.1
8	16	88.6
9	10	62.4
9	11	17.8
9	12	30.9
9	13	17.5
9	14	12.3
9	15	1.3
9	16	3.5
10	11	80.1
10	12	42.4
10	13	79.7
10	14	58.9
10	15	68.3
10	16	12.7
11	12	45.8
11	13	2
11	14	34.3
11	15	19.1
11	16	24.6
12	13	44.9
12	14	21.9
12	15	29.9
12	16	9
13	14	33.5
13	15	18.3
13	16	9
14	15	13.1
14	16	6.6
15	16	3.6