//	Instance:	Sha09.xls
9 0
//	Class:	a
//	27	---	number	of	customers	(depot	not	included)
//	8	---	number	of	vehicles	(lower	bound) 
//	98	---	number	of	box	types
//	734	---	number	of	items
27 8 98 734
//	Capacity (kg)	-	height	-	width	-	length	of	vehicles	(cm)
//	26460 270 235 1202
26460 270 235 1202
//	Node - number of box types - h - w - l - number of box - fragility for each item - weight
0	0
1	4
108	120	149	6	0	1
180	100	195	32	0	1
185	100	195	2	0	1
190	150	150	22	0	1
2	20
105	90	150	2	0	1
120	70	145	4	0	1
14	22	31	3	0	1
14	31	43	1	1	1
14	43	62	15	0	1
24	35	41	6	0	1
27	43	62	49	0	1
28	40	60	2	0	1
32	37	60	3	0	1
36	43	83	2	0	1
36	44	54	2	0	1
41	51	62	4	0	1
49	57	95	2	0	1
49	57	97	3	0	1
49	90	128	10	0	1
60	112	152	1	1	1
69	90	128	15	0	1
82	118	138	2	0	1
85	123	176	5	0	1
95	100	190	1	1	1
3	4
14	22	31	4	0	1
27	43	62	2	0	1
28	40	60	2	0	1
76	96	136	9	0	1
4	1
110	60	145	1	0	1
5	6
14	31	43	7	0	1
15	30	40	1	1	1
27	43	62	12	0	1
28	30	43	1	1	1
28	40	60	15	0	1
76	96	136	1	0	1
6	8
14	43	62	2	0	1
17	38	52	1	0	1
23	33	52	1	0	1
49	90	128	3	0	1
68	90	128	21	0	1
69	80	136	1	0	1
69	90	128	6	0	1
78	90	132	4	0	1
7	1
28	40	60	2	0	1
8	1
49	90	128	1	0	1
9	10
110	70	128	1	0	1
12	24	45	2	0	1
138	94	125	1	0	1
14	43	62	1	0	1
15	30	40	1	0	1
27	31	43	1	0	1
27	43	62	5	0	1
28	40	60	3	0	1
69	90	128	7	0	1
79	100	179	3	0	1
10	2
105	70	128	1	1	1
110	70	128	1	0	1
11	4
17	38	52	1	1	1
23	27	33	2	0	1
29	27	33	2	0	1
31	29	34	6	0	1
12	2
100	80	145	1	0	1
110	70	150	2	0	1
13	2
15	21	29	1	1	1
21	21	69	1	0	1
14	6
130	80	320	2	0	1
14	43	62	3	0	1
27	43	62	3	0	1
28	40	60	1	0	1
30	30	50	2	0	1
55	55	65	1	0	1
15	16
100	60	120	8	0	1
13	43	62	2	0	1
14	31	43	1	1	1
14	43	62	16	0	1
15	20	30	2	0	1
15	40	60	3	0	1
17	38	52	1	1	1
27	43	62	2	0	1
28	34	42	5	0	1
28	40	60	8	0	1
30	42	43	2	0	1
32	35	46	1	0	1
40	62	86	1	0	1
69	90	128	1	0	1
75	98	137	13	0	1
80	100	140	1	1	1
16	1
110	60	145	8	0	1
17	13
105	85	160	1	0	1
105	90	180	1	0	1
108	112	139	2	0	1
110	70	180	4	0	1
14	31	43	5	0	1
14	43	62	5	0	1
18	33	104	1	0	1
24	21	79	4	0	1
26	27	79	2	0	1
27	31	43	2	0	1
27	43	62	5	0	1
58	98	128	6	0	1
96	70	128	2	0	1
18	1
49	90	128	1	0	1
19	8
14	43	62	15	0	1
150	90	128	2	0	1
27	43	62	32	0	1
35	40	50	1	1	1
36	41	50	1	0	1
65	88	128	11	0	1
69	90	128	53	0	1
99	90	128	7	0	1
20	10
145	80	133	1	0	1
146	80	135	1	1	1
150	79	135	2	0	1
27	43	62	2	0	1
63	113	143	4	0	1
69	113	142	7	0	1
86	112	145	4	0	1
88	115	147	2	0	1
90	112	143	2	0	1
90	113	145	2	0	1
21	2
75	96	142	1	1	1
85	92	142	1	0	1
22	8
110	70	128	1	0	1
114	85	166	1	0	1
115	80	115	1	0	1
116	87	128	3	0	1
80	110	128	2	0	1
83	91	125	1	1	1
90	82	128	2	0	1
90	86	128	1	0	1
23	3
24	32	41	1	0	1
28	47	77	2	0	1
33	33	53	1	0	1
24	1
105	70	137	2	0	1
25	10
110	70	128	4	0	1
110	70	130	2	0	1
14	22	31	1	1	1
14	31	43	1	1	1
14	43	62	2	0	1
17	38	52	30	0	1
25	28	38	16	0	1
65	88	128	8	0	1
69	90	128	8	0	1
93	91	133	2	0	1
26	2
27	43	62	1	1	1
69	90	128	27	0	1
27	1
27	43	62	1	1	1
// node 1 --- node 2 --- distance
0	1	34
0	2	35.3
0	3	30.8
0	4	25
0	5	17.5
0	6	36.8
0	7	24.7
0	8	26.3
0	9	23.7
0	10	44.5
0	11	27.2
0	12	18.6
0	13	32.6
0	14	10.7
0	15	11.1
0	16	10.7
0	17	20
0	18	18.4
0	19	34.4
0	20	30.3
0	21	24.9
0	22	29.4
0	23	23
0	24	35.2
0	25	50.6
0	26	30.3
0	27	28.6
1	2	1.5
1	3	4.4
1	4	10.9
1	5	11.6
1	6	10.7
1	7	12.2
1	8	31.9
1	9	22.6
1	10	28.9
1	11	5.3
1	12	40.6
1	13	18.1
1	14	22.8
1	15	23.2
1	16	22.8
1	17	43.2
1	18	41.5
1	19	1.3
1	20	24.6
1	21	30.5
1	22	5.5
1	23	24
1	24	1.4
1	25	35.9
1	26	6.3
1	27	4.7
2	3	5.4
2	4	11.9
2	5	12.6
2	6	11.7
2	7	13.1
2	8	29.1
2	9	23.5
2	10	25.1
2	11	5.2
2	12	41
2	13	19.9
2	14	25.3
2	15	24.1
2	16	23.7
2	17	42.9
2	18	42.5
2	19	2.3
2	20	25
2	21	27.7
2	22	6.4
2	23	24.9
2	24	1.3
2	25	14.9
2	26	6.7
2	27	5.6
3	4	10
3	5	10.7
3	6	11.5
3	7	11.2
3	8	32.7
3	9	21.6
3	10	21
3	11	7.5
3	12	39.1
3	13	18
3	14	23.5
3	15	22.2
3	16	21.9
3	17	43.3
3	18	42.3
3	19	3.5
3	20	25.4
3	21	31.3
3	22	4.9
3	23	23.1
3	24	4.8
3	25	14.8
3	26	5.3
3	27	4.2
4	5	1.1
4	6	18.3
4	7	1.6
4	8	26.9
4	9	18.8
4	10	25.6
4	11	7.2
4	12	33.8
4	13	15.2
4	14	18.1
4	15	1.1
4	16	16.5
4	17	36.9
4	18	35.2
4	19	10.3
4	20	32.9
4	21	25.5
4	22	9.2
4	23	16.2
4	24	12.6
4	25	21.6
4	26	9.9
4	27	8.4
5	6	21.3
5	7	3.7
5	8	26.7
5	9	21.8
5	10	28.6
5	11	7
5	12	31.9
5	13	18.2
5	14	19.1
5	15	12.7
5	16	14.7
5	17	35.3
5	18	35.6
5	19	13.3
5	20	30.8
5	21	25.3
5	22	10.5
5	23	21.5
5	24	10.06
5	25	24.6
5	26	9.7
5	27	11.4
6	7	18.5
6	8	32.3
6	9	28.9
6	10	23.2
6	11	15.9
6	12	45.2
6	13	26.3
6	14	32.4
6	15	28.4
6	16	28
6	17	46.4
6	18	46.6
6	19	9.1
6	20	15.9
6	21	30.9
6	22	12.9
6	23	30.4
6	24	14
6	25	8.3
6	26	13.6
6	27	12.1
7	8	27.7
7	9	15.5
7	10	26.9
7	11	8.1
7	12	34
7	13	14.1
7	14	18.3
7	15	17.1
7	16	16.7
7	17	37.3
7	18	35.4
7	19	11.5
7	20	34.1
7	21	26.4
7	22	10.4
7	23	16.3
7	24	13.8
7	25	22.8
7	26	10.7
7	27	9.6
8	9	37.2
8	10	52.5
8	11	24.7
8	12	41.1
8	13	47.2
8	14	34
8	15	30
8	16	29.6
8	17	39.6
8	18	37.8
8	19	31.9
8	20	11.6
8	21	3.7
8	22	35.7
8	23	36.4
8	24	32.7
8	25	37.5
8	26	36.3
8	27	34.9
9	10	20.6
9	11	27.2
9	12	27.5
9	13	13.8
9	14	14.5
9	15	14.5
9	16	17.5
9	17	35.2
9	18	28.9
9	19	22.1
9	20	41.2
9	21	35.8
9	22	21
9	23	6.8
9	24	24.4
9	25	33.4
9	26	21.3
9	27	20.2
10	11	24.9
10	12	45.3
10	13	8.5
10	14	35.7
10	15	32.7
10	16	32.4
10	17	53
10	18	46.8
10	19	22.9
10	20	37.3
10	21	46.7
10	22	16.8
10	23	29.1
10	24	23.8
10	25	16.5
10	26	16.3
10	27	20.2
11	12	36.6
11	13	20.9
11	14	23.8
11	15	19.8
11	16	24
11	17	37.8
11	18	42
11	19	5.8
11	20	23.9
11	21	22.3
11	22	9.5
11	23	26.2
11	24	4.7
11	25	20.3
11	26	10.3
11	27	9.9
12	13	38.6
12	14	16.5
12	15	18.6
12	16	14.3
12	17	8
12	18	1.8
12	19	42.9
12	20	41.9
12	21	36.6
12	22	38
12	23	15
12	24	43.7
12	25	48.6
12	26	38.4
12	27	37.3
13	14	30
13	15	25.2
13	16	24.8
13	17	47.3
13	18	41
13	19	16.8
13	20	40.9
13	21	43.3
13	22	11.9
13	23	23.3
13	24	19.1
13	25	20
13	26	12.6
13	27	14.9
14	15	3.7
14	16	2.4
14	17	22.5
14	18	18.9
14	19	24.4
14	20	34.7
14	21	29.2
14	22	22.9
14	23	10.8
14	24	28.7
14	25	33.5
14	26	23.5
14	27	22.1
15	16	1.9
15	17	16.7
15	18	35.6
15	19	26.5
15	20	33.4
15	21	27.9
15	22	21.6
15	23	15.1
15	24	27.4
15	25	43.2
15	26	22.2
15	27	20.8
16	17	15.6
16	18	14.6
16	19	25.9
16	20	32.7
16	21	27.3
16	22	20.9
16	23	14.5
16	24	26.7
16	25	42.1
16	26	21.6
16	27	20.1
17	18	5
17	19	46.2
17	20	44.9
17	21	39.6
17	22	42.3
17	23	21.7
17	24	44.1
17	25	63.5
17	26	42.9
17	27	41.5
18	19	28.4
18	20	50.9
18	21	51.2
18	22	27.3
18	23	23.1
18	24	30.6
18	25	37.7
18	26	27.5
18	27	26.5
19	20	24.6
19	21	30.5
19	22	4.6
19	23	24
19	24	1.7
19	25	39
19	26	5.3
19	27	3.8
20	21	13.7
20	22	26.7
20	23	40.1
20	24	18.8
20	25	50.9
20	26	27
20	27	26
21	22	34.3
21	23	35.1
21	24	31.3
21	25	57.6
21	26	35
21	27	33.9
22	23	24.2
22	24	6.2
22	25	29.3
22	26	1.1
22	27	1.8
23	24	26.5
23	25	36.9
23	26	23.8
23	27	22.3
24	25	34.7
24	26	6.3
24	27	5.2
25	26	24.9
25	27	30.4
26	27	2.3
