//	Instance:	Sha10.xls
10 0
//	Class:	a
//	31	---	number	of	customers	(depot	not	included)
//	9	---	number	of	vehicles	(lower	bound)
//	134	---	number	of	box	types
//	590	---	number	of	items
31 9 134 590
//	Capacity (kg)	-	height	-	width	-	length	of	vehicles	(cm)
//	15000	240	240	860
15000 240 240 860
//	Node - number of box types - h - w - l - number of box - fragility for each item - weight
0	0
1	1
110	60	145	1	0	1
2	6
105	70	128	1	0	1
110	70	128	4	0	1
150	110	120	1	0	1
15	40	60	4	0	1
170	62	100	2	0	1
69	90	128	4	0	1
3	1
15	20	30	2	0	1
4	1
130	80	320	2	0	1
5	2
20	27	39	8	0	1
29	32	49	6	0	1
6	6
126	60	145	1	0	1
19	37	53	1	1	1
28	27	42	1	1	1
31	31	59	1	1	1
37	53	70	1	1	1
9	21	32	2	0	1
7	3
136	96	104	1	0	1
18	29	29	1	1	1
24	29	51	2	0	1
8	1
27	43	62	2	0	1
9	1
20	23	30	30	0	1
10	6
14	31	43	3	0	1
14	43	62	4	0	1
18	26	40	1	1	1
22	41	42	2	0	1
22	41	47	2	0	1
24	43	64	2	0	1
11	1
14	31	43	8	0	1
12	1
69	90	128	36	0	1
13	1
14	43	62	2	0	1
14	9
105	100	128	1	0	1
105	100	140	6	0	1
105	70	128	3	0	1
105	76	128	8	0	1
110	70	128	11	0	1
110	70	135	2	0	1
118	70	116	4	0	1
118	85	116	2	0	1
86	70	124	1	0	1
15	5
14	31	43	1	1	1
14	43	62	1	1	1
27	31	43	1	1	1
48	88	120	2	0	1
48	90	128	1	0	1
16	4
27	43	62	1	1	1
43	93	120	1	0	1
46	69	126	1	0	1
46	70	128	1	0	1
17	13
105	95	140	1	0	1
111	70	128	1	0	1
115	100	145	4	0	1
116	80	145	1	0	1
120	100	160	1	0	1
120	95	145	1	0	1
129	100	136	1	0	1
129	100	145	1	0	1
129	105	148	1	0	1
13	30	40	2	0	1
145	100	150	4	0	1
28	40	60	5	0	1
79	100	171	1	0	1
18	3
14	22	31	3	0	1
30	20	20	1	1	1
32	32	38	30	0	1
19	2
10	17	32	2	0	1
76	96	136	7	0	1
20	3
110	60	145	1	0	1
128	60	145	1	0	1
150	85	145	2	0	1
21	22
105	70	128	2	0	1
13	25	35	1	1	1
14	31	43	5	0	1
14	43	62	3	0	1
15	30	40	1	1	1
15	40	60	2	0	1
16	30	56	1	1	1
17	38	52	2	0	1
18	22	31	3	0	1
19	18	29	1	1	1
24	40	40	3	0	1
25	22	31	1	0	1
25	31	41	8	0	1
26	35	39	1	1	1
27	43	62	4	0	1
28	40	60	8	0	1
30	27	45	1	1	1
34	35	35	1	1	1
40	36	62	1	1	1
46	68	120	2	0	1
56	82	120	1	0	1
69	90	128	1	0	1
22	9
105	107	147	3	0	1
110	112	147	2	0	1
112	107	131	1	0	1
115	77	110	1	0	1
117	100	140	4	0	1
124	95	168	2	0	1
128	95	168	2	0	1
129	105	148	1	0	1
98	90	135	1	0	1
23	4
105	70	128	12	0	1
110	70	128	4	0	1
112	80	128	1	0	1
36	82	118	2	0	1
24	3
105	70	128	1	0	1
110	60	145	5	0	1
131	85	140	1	0	1
25	3
14	43	62	7	0	1
76	100	110	5	0	1
76	103	149	24	0	1
26	1
69	90	128	1	0	1
27	7
105	70	128	1	0	1
13	12	22	2	0	1
13	24	35	2	0	1
21	28	42	7	0	1
23	37	68	2	0	1
69	90	128	4	0	1
95	65	128	2	0	1
28	20
10	51	72	2	0	1
14	43	62	3	0	1
15	31	83	1	1	1
17	30	99	2	0	1
20	31	67	2	0	1
20	32	82	1	1	1
20	40	60	10	0	1
21	30	41	3	0	1
25	40	65	1	1	1
27	43	62	6	0	1
28	40	60	6	0	1
39	36	69	1	1	1
65	100	145	4	0	1
69	90	128	5	0	1
73	115	140	2	0	1
78	110	128	3	0	1
78	85	125	4	0	1
7	51	71	2	0	1
8	50	92	2	0	1
94	72	130	4	0	1
29	1
27	20	30	1	1	1
30	14
105	70	128	4	0	1
110	70	200	6	0	1
110	90	146	1	0	1
128	60	146	1	0	1
15	40	60	2	0	1
17	38	52	4	0	1
28	40	60	15	0	1
37	35	44	4	0	1
40	61	75	1	1	1
45	36	69	1	1	1
45	41	64	3	0	1
69	119	152	1	0	1
69	90	128	1	0	1
82	118	140	1	0	1
31	14
105	150	200	2	0	1
10	10	10	1	1	1
165	180	215	4	0	1
26	43	62	3	0	1
65	130	160	1	0	1
75	113	145	1	0	1
80	110	140	1	0	1
80	113	140	15	0	1
80	113	143	4	0	1
80	114	140	2	0	1
82	156	188	1	0	1
83	118	143	1	0	1
83	130	160	1	0	1
85	133	206	33	0	1
// node 1 --- node 2 --- distance
0	1	25
0	2	49
0	3	48.7
0	4	50
0	5	47
0	6	53.7
0	7	56.4
0	8	55.5
0	9	54.5
0	10	62.5
0	11	56
0	12	54.2
0	13	57.2
0	14	57
0	15	55.2
0	16	55.2
0	17	55.5
0	18	55
0	19	54.3
0	20	56.2
0	21	53.9
0	22	59
0	23	57.8
0	24	64.9
0	25	58.6
0	26	55.1
0	27	44
0	28	44.2
0	29	35
0	30	34.9
0	31	48.2
1	2	36
1	3	37.3
1	4	31.4
1	5	32.2
1	6	35.1
1	7	38
1	8	37.1
1	9	39.3
1	10	42.7
1	11	37
1	12	35.6
1	13	37.5
1	14	38
1	15	36.8
1	16	36.8
1	17	36.9
1	18	37
1	19	34.5
1	20	39
1	21	34.9
1	22	39
1	23	35.7
1	24	46.5
1	25	40
1	26	67.2
1	27	56
1	28	56.2
1	29	47
1	30	46.9
1	31	49.6
2	3	1.2
2	4	12.6
2	5	5
2	6	23.1
2	7	35.9
2	8	35.7
2	9	60
2	10	53.7
2	11	34
2	12	38.8
2	13	53
2	14	34
2	15	32.3
2	16	31.6
2	17	29.9
2	18	30
2	19	62.2
2	20	61.8
2	21	39.2
2	22	53
2	23	44
2	24	49.4
2	25	27.4
2	26	71
2	27	42
2	28	45.8
2	29	50
2	30	50.7
2	31	20.8
3	4	13.6
3	5	6
3	6	24.1
3	7	36.9
3	8	36.7
3	9	60.5
3	10	54.7
3	11	35
3	12	39.8
3	13	53.9
3	14	36
3	15	33.5
3	16	32.6
3	17	30.9
3	18	31
3	19	63.2
3	20	62.7
3	21	40.5
3	22	54
3	23	45
3	24	50.4
3	25	28.4
3	26	71.2
3	27	43
3	28	45.9
3	29	51
3	30	50.9
3	31	21
4	5	9
4	6	14.2
4	7	21.8
4	8	20.9
4	9	51.6
4	10	45.7
4	11	19
4	12	24.1
4	13	44.9
4	14	21
4	15	20
4	16	19.7
4	17	17.6
4	18	17
4	19	52.2
4	20	54
4	21	24.5
4	22	45
4	23	29.3
4	24	30.4
4	25	19.3
4	26	74.6
4	27	53.7
4	28	57.4
4	29	55
4	30	54.3
4	31	37
5	6	21.1
5	7	33.1
5	8	32.2
5	9	58
5	10	51.9
5	11	31
5	12	33.5
5	13	51.1
5	14	31
5	15	30.9
5	16	29.8
5	17	28.1
5	18	29
5	19	60.4
5	20	61
5	21	33.2
5	22	51
5	23	39.1
5	24	47.6
5	25	25.6
5	26	69.2
5	27	41
5	28	43.9
5	29	49
5	30	48.9
5	31	26.4
6	7	12.4
6	8	12.2
6	9	37.5
6	10	31.2
6	11	11
6	12	15.3
6	13	30.4
6	14	10.5
6	15	8.9
6	16	8.1
6	17	6.3
6	18	6.8
6	19	39.7
6	20	30.2
6	21	15.7
6	22	31
6	23	20.7
6	24	21.6
6	25	6.2
6	26	79.2
6	27	56
6	28	59.6
6	29	61
6	30	58.9
6	31	49.7
7	8	4.8
7	9	30.5
7	10	24.9
7	11	6.5
7	12	3.1
7	13	16.7
7	14	7.5
7	15	5.7
7	16	5.8
7	17	7.5
7	18	7.1
7	19	21.2
7	20	33
7	21	5.1
7	22	17
7	23	7.8
7	24	11.3
7	25	10.6
7	26	79.1
7	27	60
7	28	63.4
7	29	59
7	30	58.8
7	31	46.5
8	9	26.5
8	10	20.6
8	11	2.2
8	12	4.2
8	13	19.8
8	14	3.2
8	15	3.7
8	16	4
8	17	6.6
8	18	6.2
8	19	29.1
8	20	28.4
8	21	8.7
8	22	20
8	23	9.6
8	24	11.2
8	25	9.7
8	26	80.3
8	27	59.6
8	28	63.4
8	29	60.1
8	30	60
8	31	45.9
9	10	11.5
9	11	26
9	12	23.1
9	13	9.8
9	14	27
9	15	28.7
9	16	28.3
9	17	30.9
9	18	30
9	19	5.6
9	20	4.9
9	21	19.5
9	22	8.2
9	23	18.3
9	24	17.9
9	25	33.6
9	26	95.7
9	27	95.8
9	28	99.6
9	29	75.4
9	30	75.4
9	31	78.9
10	11	22
10	12	17.8
10	13	5.4
10	14	22.5
10	15	24.3
10	16	24.3
10	17	26
10	18	26
10	19	14.2
10	20	7.6
10	21	16.4
10	22	6.2
10	23	13.9
10	24	13.5
10	25	29.1
10	26	99.7
10	27	91.4
10	28	95.2
10	29	79.8
10	30	79.4
10	31	74.4
11	12	12
11	13	20.3
11	14	1.5
11	15	1.6
11	16	2.6
11	17	4
11	18	4.2
11	19	29.6
11	20	29
11	21	9.9
11	22	21
11	23	10
11	24	11.7
11	25	5.3
11	26	80.8
11	27	57.4
11	28	61.2
11	29	60.7
11	30	60.5
11	31	43.7
12	13	14.7
12	14	6.5
12	15	7
12	16	7.2
12	17	9.8
12	18	9.4
12	19	19.2
12	20	26
12	21	5.2
12	22	15
12	23	5.6
12	24	9.3
12	25	12.9
12	26	79
12	27	62.2
12	28	65.9
12	29	59
12	30	58.8
12	31	48.4
13	14	20.7
13	15	22.7
13	16	22.1
13	17	24.3
13	18	24
13	19	7.8
13	20	7.3
13	21	12.4
13	22	0.9
13	23	10.4
13	24	8.5
13	25	27.4
13	26	97.9
13	27	89.6
13	28	93.4
13	29	78
13	30	77.7
13	31	72.7
14	15	1.4
14	16	1.1
14	17	4.6
14	18	5.1
14	19	30.5
14	20	30
14	21	10.7
14	22	21
14	23	11.2
14	24	12.8
14	25	7.2
14	26	81.1
14	27	57.8
14	28	61.5
14	29	61.5
14	30	60.9
14	31	44.1
15	16	1
15	17	3.6
15	18	3.2
15	19	31
15	20	30.6
15	21	11.7
15	22	22
15	23	11.5
15	24	13.1
15	25	6.7
15	26	80.2
15	27	61
15	28	60.6
15	29	61
15	30	60
15	31	43.2
16	17	3
16	18	2.5
16	19	31.3
16	20	31
16	21	11.1
16	22	22
16	23	11.9
16	24	13.5
16	25	6.1
16	26	79.6
16	27	57
16	28	60
16	29	60
16	30	11.8
16	31	42.5
17	18	1.5
17	19	44
17	20	33.8
17	21	12.5
17	22	25
17	23	14.6
17	24	16.3
17	25	4.1
17	26	80.2
17	27	57.1
17	28	60.6
17	29	60.5
17	30	60
17	31	43.1
18	19	34.5
18	20	33.9
18	21	12.3
18	22	25
18	23	15.2
18	24	15.8
18	25	3.7
18	26	80.2
18	27	57
18	28	60.6
18	29	60.1
18	30	60
18	31	43.1
19	20	6
19	21	16.4
19	22	11
19	23	17.4
19	24	20.8
19	25	36.5
19	26	90.7
19	27	82
19	28	79.8
19	29	71
19	30	70.5
19	31	81.8
20	21	20.5
20	22	6.5
20	23	21.3
20	24	21
20	25	36.3
20	26	94.6
20	27	98.5
20	28	102
20	29	74.2
20	30	74.5
20	31	81.6
21	22	13
21	23	9.2
21	24	12.8
21	25	15.8
21	26	78.3
21	27	61.7
21	28	65.2
21	29	58.3
21	30	58
21	31	47.7
22	23	12.5
22	24	11.9
22	25	27.6
22	26	98.2
22	27	90
22	28	93.6
22	29	73.7
22	30	77.9
22	31	72.9
23	24	4.7
23	25	17.5
23	26	82.5
23	27	65.7
23	28	69.5
23	29	63
23	30	62.5
23	31	52
24	25	18.7
24	26	86.5
24	27	68.7
24	28	72.4
24	29	70
24	30	67
24	31	54.8
25	26	97.5
25	27	64.5
25	28	68.1
25	29	70
25	30	68.9
25	31	47.4
26	27	35.5
26	28	25.6
26	29	26.5
26	30	26.3
26	31	57.1
27	28	4.5
27	29	14.1
27	30	14.3
27	31	19.6
28	29	14.5
28	30	14.2
28	31	23.8
29	30	1
29	31	37.5
30	31	37.3
