//Instance:	Sha14.xls
14 0
//Class:	b
//	101	---	number	of	customers	(depot	not	included) 
//	26	---	number	of	vehicles	(lower	bound) 
//	311	---	number	of	box types
//	2659	---	number	of	items
101 26 311 2659
//	Capacity (kg)	-	height	-	width	-	length	of	vehicles	(cm)
//	26460		270		235		1202
26460 270 235 1202
//	Node - number of box types - h - w - l - number of box - fragility for each item - weight
0	0
1	6
14	22	31	2	0	1
27	43	62	7	0	1
28	40	60	3	0	1
49	90	128	2	0	1
69	90	128	9	0	1
69	90	158	5	0	1
2	33
100	117	156	1	0	1
100	148	163	1	0	1
100	91	141	3	0	1
105	100	140	2	0	1
13	30	40	1	1	1
14	31	43	2	0	1
15	20	30	1	1	1
15	30	40	4	0	1
21	21	25	2	0	1
27	31	43	2	0	1
27	43	62	1	1	1
32	32	42	1	1	1
39	49	86	5	0	1
40	62	86	1	1	1
49	90	128	16	0	1
60	61	61	2	0	1
69	90	128	2	0	1
75	90	148	1	0	1
80	100	110	5	0	1
80	100	111	2	0	1
80	103	138	4	0	1
80	103	148	16	0	1
80	113	128	2	0	1
80	115	150	7	0	1
84	100	143	1	0	1
85	108	148	1	0	1
85	90	128	6	0	1
85	90	148	1	0	1
85	90	158	1	0	1
90	100	111	2	0	1
90	103	170	7	0	1
90	118	128	1	0	1
98	90	140	1	0	1
3	1
110	70	180	20	0	1
4	1
69	90	128	7	0	1
5	3
14	43	62	2	0	1
27	43	62	4	0	1
76	96	136	5	0	1
6	14
105	70	128	4	0	1
110	70	128	18	0	1
14	22	31	14	0	1
14	31	43	45	0	1
14	43	62	37	0	1
25	50	64	4	0	1
27	31	43	10	0	1
27	43	62	105	0	1
28	40	60	3	0	1
49	90	128	1	0	1
69	90	128	23	0	1
70	150	220	3	0	1
75	73	113	2	0	1
75	96	136	1	0	1
7	7
105	100	128	2	0	1
105	80	128	2	0	1
110	70	128	1	0	1
155	80	120	4	0	1
170	62	100	2	0	1
69	90	128	2	0	1
76	96	136	2	0	1
8	8
110	80	128	1	0	1
115	75	128	2	0	1
115	80	128	1	0	1
14	22	31	1	1	1
14	31	43	7	0	1
14	43	62	12	0	1
27	43	62	4	0	1
28	40	60	11	0	1
9	10
115	90	128	2	0	1
115	90	129	2	0	1
14	29	67	12	0	1
14	31	43	5	0	1
27	43	62	10	0	1
28	40	60	1	1	1
28	42	51	1	1	1
49	90	128	4	0	1
68	90	128	4	0	1
69	90	128	57	0	1
10	4
16	33	45	4	0	1
26	32	44	1	1	1
28	33	49	9	0	1
33	34	60	3	0	1
11	9
14	43	62	4	0	1
17	38	52	1	1	1
20	28	53	3	0	1
26	43	62	1	1	1
27	43	62	27	0	1
28	28	48	1	1	1
34	60	85	1	0	1
36	41	50	2	0	1
69	90	128	41	0	1
12	11
100	90	128	4	0	1
110	70	128	1	0	1
110	80	150	1	0	1
110	92	130	2	0	1
14	22	31	14	0	1
14	31	43	5	0	1
24	30	58	1	1	1
27	31	43	1	0	1
27	43	62	1	1	1
28	40	60	10	0	1
65	109	120	9	0	1
13	1
84	100	176	2	0	1
14	1
45	55	55	1	1	1
15	4
105	70	128	2	0	1
28	40	60	1	1	1
40	83	125	1	0	1
76	80	126	1	0	1
16	3
30	95	120	1	0	1
40	95	120	1	0	1
46	74	140	1	0	1
17	1
51	25	47	2	0	1
18	2
110	60	145	2	0	1
36	36	39	1	1	1
19	2
115	79	270	4	0	1
69	90	128	4	0	1
20	1
68	116	122	96	0	1
21	1
107	60	145	6	0	1
22	6
146	100	146	1	0	1
14	31	43	1	1	1
14	43	62	13	0	1
18	23	33	6	0	1
69	90	128	1	0	1
8	19	27	3	0	1
23	5
15	30	40	2	0	1
24	27	42	1	1	1
25	25	48	2	0	1
28	36	69	2	0	1
69	90	128	1	0	1
24	1
15	30	40	2	0	1
25	9
14	22	31	7	0	1
14	31	43	3	0	1
14	43	62	1	1	1
26	35	41	54	0	1
27	43	62	11	0	1
28	40	60	5	0	1
39	32	48	1	1	1
42	40	53	1	0	1
46	40	46	3	0	1
26	1
110	70	128	1	0	1
27	24
105	70	128	4	0	1
105	70	130	8	0	1
110	70	128	3	0	1
135	80	128	4	0	1
144	75	165	1	0	1
150	100	140	4	0	1
150	100	145	14	0	1
150	70	128	2	0	1
15	40	120	2	0	1
160	100	150	6	0	1
160	80	145	4	0	1
165	75	145	2	0	1
165	80	145	6	0	1
169	75	145	6	0	1
180	80	145	8	0	1
24	50	75	2	0	1
24	50	86	2	0	1
27	43	62	3	0	1
49	90	128	12	0	1
68	70	175	5	0	1
69	90	128	4	0	1
70	128	144	2	0	1
72	100	128	10	0	1
95	110	130	7	0	1
28	1
78	95	138	6	0	1
29	5
14	43	62	1	0	1
15	30	40	1	1	1
21	27	41	3	0	1
21	35	46	2	0	1
40	27	40	1	1	1
30	10
15	30	40	3	0	1
19	44	136	1	0	1
19	51	154	1	0	1
27	30	138	1	0	1
69	114	120	2	0	1
69	90	128	3	0	1
70	114	120	8	0	1
75	110	140	1	0	1
77	95	128	1	0	1
89	112	143	6	0	1
31	1
14	43	62	4	0	1
32	2
102	84	128	2	0	1
68	90	128	1	0	1
33	5
140	70	110	2	0	1
14	31	43	7	0	1
14	43	62	4	0	1
27	31	43	8	0	1
27	43	62	1	1	1
34	4
17	30	32	1	1	1
18	33	33	1	0	1
27	43	62	2	0	1
78	128	180	8	0	1
35	18
14	15	28	2	0	1
14	22	31	6	0	1
14	24	78	2	0	1
14	31	43	9	0	1
15	20	30	1	1	1
15	35	46	1	0	1
16	21	36	1	1	1
18	22	31	1	1	1
18	25	33	3	0	1
20	23	32	8	0	1
23	25	46	1	0	1
27	31	42	1	1	1
27	31	43	4	0	1
27	43	62	4	0	1
32	30	68	2	0	1
57	90	128	12	0	1
64	97	136	1	0	1
9	20	28	3	0	1
36	7
120	120	230	2	0	1
130	120	230	1	0	1
132	121	225	1	0	1
136	125	200	2	0	1
188	100	181	3	0	1
190	155	225	1	0	1
85	72	113	1	0	1
37	5
145	70	220	3	0	1
14	31	43	1	1	1
16	20	30	2	0	1
16	21	40	4	0	1
27	31	43	1	0	1
38	3
105	94	140	1	0	1
134	100	150	5	0	1
35	42	55	1	1	1
39	7
145	70	250	2	0	1
156	80	235	2	0	1
27	43	62	5	0	1
28	40	60	1	1	1
67	90	240	1	0	1
69	90	128	14	0	1
70	90	240	1	0	1
40	1
30	30	35	15	0	1
41	7
14	22	31	25	0	1
14	31	43	2	0	1
14	43	62	2	0	1
27	31	43	7	0	1
27	43	62	33	0	1
30	41	60	1	1	1
69	90	128	5	0	1
42	1
26	28	78	2	0	1
43	2
21	20	30	1	1	1
35	30	40	1	1	1
44	9
100	70	128	2	0	1
128	125	207	6	0	1
171	150	180	1	0	1
175	128	148	26	0	1
178	100	195	16	0	1
178	150	153	12	0	1
187	100	195	10	0	1
204	150	180	9	0	1
61	90	128	2	0	1
45	10
105	110	215	1	0	1
105	90	140	6	0	1
105	95	215	2	0	1
106	110	240	2	0	1
110	110	160	3	0	1
115	80	160	3	0	1
180	110	290	5	0	1
190	110	290	2	0	1
27	43	62	1	1	1
69	90	128	1	0	1
46	10
110	70	128	1	0	1
14	43	62	6	0	1
150	70	128	1	0	1
16	35	46	4	0	1
22	46	66	1	1	1
25	50	64	4	0	1
27	43	62	2	0	1
28	40	60	7	0	1
49	90	128	2	0	1
69	90	128	9	0	1
47	1
60	125	134	7	0	1
48	8
115	79	270	6	0	1
120	110	220	1	0	1
160	90	120	2	0	1
160	90	200	2	0	1
161	80	230	1	0	1
27	43	62	5	0	1
49	90	128	4	0	1
69	90	128	6	0	1
49	5
105	70	110	4	0	1
110	70	250	2	0	1
110	70	290	4	0	1
120	113	123	4	0	1
15	30	40	2	0	1
50	2
27	40	60	2	0	1
70	121	136	2	0	1
51	1
150	104	135	1	0	1
52	1
100	60	120	1	0	1
53	1
27	43	62	7	0	1
54	1
96	135	155	3	0	1
55	1
69	90	128	1	0	1
56	2
14	31	43	1	1	1
75	108	128	3	0	1
57	1
27	31	43	1	1	1
58	5
102	100	145	4	0	1
105	100	146	4	0	1
105	70	180	2	0	1
105	71	171	4	0	1
105	90	128	2	0	1
59	12
14	31	43	4	0	1
14	43	62	16	0	1
15	30	40	4	0	1
15	40	60	4	0	1
24	40	71	1	1	1
27	43	62	6	0	1
28	40	60	2	0	1
31	40	71	15	0	1
32	40	71	2	0	1
32	60	84	4	0	1
39	62	84	4	0	1
40	62	86	8	0	1
60	4
110	100	145	5	0	1
110	70	128	1	0	1
131	100	180	3	0	1
69	90	128	1	0	1
61	8
103	110	120	1	0	1
105	70	128	3	0	1
106	70	128	3	0	1
108	72	128	1	0	1
110	70	128	1	0	1
115	100	120	3	0	1
27	43	62	4	0	1
32	27	30	2	0	1
62	8
14	31	43	3	0	1
27	31	43	11	0	1
27	43	62	10	0	1
30	34	52	1	1	1
31	36	54	3	0	1
32	36	53	40	0	1
69	90	128	12	0	1
8	19	27	16	0	1
63	3
110	70	128	1	0	1
69	116	124	12	0	1
69	90	128	7	0	1
64	1
25	32	41	1	1	1
65	4
108	120	149	6	0	1
180	100	195	32	0	1
185	100	195	2	0	1
190	150	150	22	0	1
66	20
105	90	150	2	0	1
120	70	145	4	0	1
14	22	31	3	0	1
14	31	43	1	1	1
14	43	62	15	0	1
24	35	41	6	0	1
27	43	62	49	0	1
28	40	60	2	0	1
32	37	60	3	0	1
36	43	83	2	0	1
36	44	54	2	0	1
41	51	62	4	0	1
49	57	95	2	0	1
49	57	97	3	0	1
49	90	128	10	0	1
60	112	152	1	1	1
69	90	128	15	0	1
82	118	138	2	0	1
85	123	176	5	0	1
95	100	190	1	1	1
67	4
14	22	31	4	0	1
27	43	62	2	0	1
28	40	60	2	0	1
76	96	136	9	0	1
68	1
110	60	145	1	0	1
69	6
14	31	43	7	0	1
15	30	40	1	1	1
27	43	62	12	0	1
28	30	43	1	1	1
28	40	60	15	0	1
76	96	136	1	0	1
70	8
14	43	62	2	0	1
17	38	52	1	0	1
23	33	52	1	0	1
49	90	128	3	0	1
68	90	128	21	0	1
69	80	136	1	0	1
69	90	128	6	0	1
78	90	132	4	0	1
71	1
28	40	60	2	0	1
72	1
49	90	128	1	0	1
73	10
110	70	128	1	0	1
12	24	45	2	0	1
138	94	125	1	0	1
14	43	62	1	0	1
15	30	40	1	0	1
27	31	43	1	0	1
27	43	62	5	0	1
28	40	60	3	0	1
69	90	128	7	0	1
79	100	179	3	0	1
74	2
105	70	128	1	1	1
110	70	128	1	0	1
75	4
17	38	52	1	1	1
23	27	33	2	0	1
29	27	33	2	0	1
31	29	34	6	0	1
76	2
100	80	145	1	0	1
110	70	150	2	0	1
77	2
15	21	29	1	1	1
21	21	69	1	0	1
78	6
130	80	320	2	0	1
14	43	62	3	0	1
27	43	62	3	0	1
28	40	60	1	0	1
30	30	50	2	0	1
55	55	65	1	0	1
79	16
100	60	120	8	0	1
13	43	62	2	0	1
14	31	43	1	1	1
14	43	62	16	0	1
15	20	30	2	0	1
15	40	60	3	0	1
17	38	52	1	1	1
27	43	62	2	0	1
28	34	42	5	0	1
28	40	60	8	0	1
30	42	43	2	0	1
32	35	46	1	0	1
40	62	86	1	0	1
69	90	128	1	0	1
75	98	137	13	0	1
80	100	140	1	1	1
80	1
110	60	145	8	0	1
81	13
105	85	160	1	0	1
105	90	180	1	0	1
108	112	139	2	0	1
110	70	180	4	0	1
14	31	43	5	0	1
14	43	62	5	0	1
18	33	104	1	0	1
24	21	79	4	0	1
26	27	79	2	0	1
27	31	43	2	0	1
27	43	62	5	0	1
58	98	128	6	0	1
96	70	128	2	0	1
82	1
49	90	128	1	0	1
83	8
14	43	62	15	0	1
150	90	128	2	0	1
27	43	62	32	0	1
35	40	50	1	1	1
36	41	50	1	0	1
65	88	128	11	0	1
69	90	128	53	0	1
99	90	128	7	0	1
84	10
145	80	133	1	0	1
146	80	135	1	1	1
150	79	135	2	0	1
27	43	62	2	0	1
63	113	143	4	0	1
69	113	142	7	0	1
86	112	145	4	0	1
88	115	147	2	0	1
90	112	143	2	0	1
90	113	145	2	0	1
85	2
75	96	142	1	1	1
85	92	142	1	0	1
86	8
110	70	128	1	0	1
114	85	166	1	0	1
115	80	115	1	0	1
116	87	128	3	0	1
80	110	128	2	0	1
83	91	125	1	1	1
90	82	128	2	0	1
90	86	128	1	0	1
87	3
24	32	41	1	0	1
28	47	77	2	0	1
33	33	53	1	0	1
88	1
105	70	137	2	0	1
89	10
110	70	128	4	0	1
110	70	130	2	0	1
14	22	31	1	1	1
14	31	43	1	1	1
14	43	62	2	0	1
17	38	52	30	0	1
25	28	38	16	0	1
65	88	128	8	0	1
69	90	128	8	0	1
93	91	133	2	0	1
90	2
27	43	62	1	1	1
69	90	128	27	0	1
91	1
27	43	62	1	1	1
92	1
69	90	128	1	0	1
93	1
73	63	83	28	0	1
94	1
120	60	145	1	0	1
95	1
142	110	118	3	0	1
96	7
14	22	31	1	1	1
16	31	67	1	1	1
20	36	61	9	0	1
21	38	53	4	0	1
31	47	59	1	1	1
69	90	128	2	0	1
9	20	31	2	0	1
97	1
27	43	62	1	1	1
98	1
69	90	128	4	0	1
99	2
110	70	128	1	0	1
14	43	62	3	0	1
100	1
80	111	147	1	0	1
101	5
14	43	62	3	0	1
27	43	62	2	0	1
28	28	54	2	0	1
49	90	128	1	0	1
70	72	112	2	0	1
// node 1 --- node 2 --- distance
0	1	5.9
0	2	5.2
0	3	20
0	4	1.6
0	5	11
0	6	7
0	7	8.8
0	8	8.3
0	9	0.7
0	10	2.8
0	11	12
0	12	2.3
0	13	2.1
0	14	6.2
0	15	4.1
0	16	4.6
0	17	6.8
0	18	5.1
0	19	7
0	20	7
0	21	6.4
0	22	6
0	23	6.2
0	24	2.7
0	25	3.3
0	26	3.2
0	27	17
0	28	26
0	29	8.8
0	30	13
0	31	7.6
0	32	8
0	33	5.5
0	34	3.7
0	35	2.7
0	36	7.6
0	37	5.9
0	38	3.6
0	39	12
0	40	12
0	41	9.2
0	42	5.5
0	43	5.5
0	44	7.7
0	45	9
0	46	7.2
0	47	20.3
0	48	26.9
0	49	22
0	50	24.9
0	51	19.8
0	52	21
0	53	23.1
0	54	19.8
0	55	22.9
0	56	23.6
0	57	17.8
0	58	20.2
0	59	18.4
0	60	17.2
0	61	17.7
0	62	21
0	63	13.9
0	64	14.8
0	65	34
0	66	35.3
0	67	30.8
0	68	25
0	69	17.5
0	70	36.8
0	71	24.7
0	72	26.3
0	73	23.7
0	74	44.5
0	75	27.2
0	76	18.6
0	77	32.6
0	78	10.7
0	79	11.1
0	80	10.7
0	81	20
0	82	18.4
0	83	34.4
0	84	30.3
0	85	24.9
0	86	29.4
0	87	23
0	88	35.2
0	89	50.6
0	90	30.3
0	91	28.6
0	92	39.1
0	93	37.7
0	94	48.2
0	95	44.8
0	96	2.9
0	97	41.2
0	98	48.8
0	99	38
0	100	40.6
0	101	31.5
1	2	2.3
1	3	24
1	4	4.5
1	5	4
1	6	2.1
1	7	3.5
1	8	5.3
1	9	5.3
1	10	5
1	11	4.5
1	12	5.4
1	13	4.6
1	14	2.4
1	15	4.1
1	16	1.8
1	17	2
1	18	1.1
1	19	3.5
1	20	3.5
1	21	2.6
1	22	1.1
1	23	2.4
1	24	5.4
1	25	3.5
1	26	3.3
1	27	20
1	28	20
1	29	6.9
1	30	11
1	31	7.5
1	32	8.9
1	33	4.9
1	34	5
1	35	21
1	36	2.5
1	37	2.1
1	38	6.6
1	39	5.8
1	40	10
1	41	7.8
1	42	40
1	43	1.5
1	44	2.9
1	45	4.2
1	46	3.1
1	47	16
1	48	15.3
1	49	19.1
1	50	24.8
1	51	25.6
1	52	22.1
1	53	14.2
1	54	10.1
1	55	14.5
1	56	15
1	57	18.5
1	58	21.8
1	59	15.4
1	60	10.6
1	61	33
1	62	25.9
1	63	30.7
1	64	32.6
1	65	12.4
1	66	31.3
1	67	27.5
1	68	6.9
1	69	12.6
1	70	16.4
1	71	10.8
1	72	20.9
1	73	21.5
1	74	30.1
1	75	6.9
1	76	21.3
1	77	26.9
1	78	19.9
1	79	24
1	80	20.5
1	81	5.4
1	82	10.9
1	83	15.8
1	84	20.5
1	85	16.9
1	86	13
1	87	17.4
1	88	13.9
1	89	6.2
1	90	16.7
1	91	14.7
1	92	13.4
1	93	8.5
1	94	22.3
1	95	18.1
1	96	5.6
1	97	18.3
1	98	7
1	99	30
1	100	9
1	101	14.6
2	3	21
2	4	3.6
2	5	7.5
2	6	3.9
2	7	5.6
2	8	7.3
2	9	4.7
2	10	1.5
2	11	1.8
2	12	2.7
2	13	4.4
2	14	4.2
2	15	4.8
2	16	2.7
2	17	3.8
2	18	2.8
2	19	3.3
2	20	3.3
2	21	3.3
2	22	4.5
2	23	3
2	24	4.2
2	25	2.7
2	26	2.9
2	27	2.1
2	28	23
2	29	8.7
2	30	21
2	31	9.3
2	32	12
2	33	1.9
2	34	2.3
2	35	4.1
2	36	4.3
2	37	4
2	38	3.4
2	39	9.2
2	40	7.9
2	41	6.7
2	42	3.5
2	43	2.4
2	44	4.7
2	45	5.8
2	46	3.5
2	47	26.6
2	48	24.6
2	49	14.8
2	50	34.6
2	51	26.2
2	52	19.4
2	53	23.4
2	54	17.3
2	55	16.4
2	56	10.3
2	57	10.9
2	58	27.4
2	59	24.6
2	60	23.1
2	61	24.4
2	62	26.5
2	63	23.7
2	64	24.5
2	65	20.9
2	66	22.7
2	67	19.9
2	68	12.7
2	69	11.3
2	70	13.7
2	71	23.4
2	72	12.9
2	73	19.6
2	74	26.6
2	75	7.3
2	76	30.6
2	77	19.2
2	78	17.2
2	79	21.3
2	80	21.1
2	81	17.5
2	82	16.4
2	83	21.4
2	84	24.5
2	85	14.2
2	86	18.6
2	87	23
2	88	19.5
2	89	18.6
2	90	9.5
2	91	12
2	92	9.7
2	93	17.7
2	94	19.6
2	95	23.7
2	96	10.8
2	97	10.1
2	98	14.3
2	99	21.5
2	100	20.9
2	101	10.5
3	4	21
3	5	25
3	6	27
3	7	29
3	8	37
3	9	20
3	10	23
3	11	28
3	12	16
3	13	22
3	14	28
3	15	21.4
3	16	25
3	17	27
3	18	25
3	19	27
3	20	27
3	21	28
3	22	28
3	23	28
3	24	16
3	25	23
3	26	23
3	27	4.7
3	28	40
3	29	27.7
3	30	38
3	31	31
3	32	30
3	33	23
3	34	23
3	35	22
3	36	27
3	37	27
3	38	19
3	39	34
3	40	27
3	41	27
3	42	22
3	43	24
3	44	25.9
3	45	26
3	46	26
3	47	25.7
3	48	11.7
3	49	6.8
3	50	24.8
3	51	14.5
3	52	28.9
3	53	11.9
3	54	6.5
3	55	3.6
3	56	8.5
3	57	13.8
3	58	32.4
3	59	11.8
3	60	15.7
3	61	28.2
3	62	14.8
3	63	21.5
3	64	28.6
3	65	23.1
3	66	25.5
3	67	21.8
3	68	18.1
3	69	4.8
3	70	23
3	71	17.2
3	72	17
3	73	10.4
3	74	30.7
3	75	12.7
3	76	18.7
3	77	18.8
3	78	26.6
3	79	30.7
3	80	9.4
3	81	14.4
3	82	22.6
3	83	26.4
3	84	12.2
3	85	23.5
3	86	23.7
3	87	28
3	88	6.9
3	89	12.1
3	90	11
3	91	21.7
3	92	10.3
3	93	8.8
3	94	29
3	95	28.7
3	96	7.9
3	97	14.2
3	98	17.5
3	99	24.2
3	100	17.4
3	101	11.1
4	5	7.6
4	6	6.1
4	7	7.5
4	8	7
4	9	1
4	10	2
4	11	2
4	12	1.2
4	13	0.8
4	14	5.3
4	15	2.2
4	16	3.7
4	17	5.9
4	18	4.2
4	19	5.3
4	20	5.3
4	21	5.5
4	22	5.1
4	23	5.3
4	24	1.2
4	25	2.1
4	26	1.9
4	27	1.3
4	28	2.9
4	29	6.1
4	30	13
4	31	7.2
4	32	8.4
4	33	3.9
4	34	2.1
4	35	1.3
4	36	6.5
4	37	5.1
4	38	2.3
4	39	9.2
4	40	9.9
4	41	8.7
4	42	4.6
4	43	4.6
4	44	7.2
4	45	7.8
4	46	5.5
4	47	22.9
4	48	9.7
4	49	12.2
4	50	19.7
4	51	17.4
4	52	27.7
4	53	8.5
4	54	1.9
4	55	6
4	56	12.1
4	57	16.4
4	58	29.3
4	59	9.7
4	60	11.8
4	61	31
4	62	17.7
4	63	26.2
4	64	31.5
4	65	20
4	66	28.4
4	67	25.4
4	68	15.6
4	69	8.8
4	70	21.9
4	71	13.3
4	72	19.9
4	73	13.2
4	74	33.6
4	75	11.1
4	76	15.7
4	77	23.6
4	78	25.5
4	79	35.4
4	80	12.3
4	81	11.2
4	82	19.6
4	83	23.3
4	84	12.3
4	85	22.4
4	86	20.6
4	87	24.9
4	88	5.7
4	89	8.7
4	90	15.1
4	91	20.3
4	92	13.2
4	93	4
4	94	27.9
4	95	25.6
4	96	6.8
4	97	17.1
4	98	14.5
4	99	27.1
4	100	14
4	101	14.1
5	6	3.6
5	7	4.7
5	8	6.2
5	9	10
5	10	7.9
5	11	7.3
5	12	8.3
5	13	8.9
5	14	5.6
5	15	8.4
5	16	6.1
5	17	4.2
5	18	5.4
5	19	4.2
5	20	4.2
5	21	5.8
5	22	5.4
5	23	5.6
5	24	10
5	25	9.9
5	26	9.9
5	27	21
5	28	18
5	29	8.1
5	30	16
5	31	8.7
5	32	17
5	33	5.7
5	34	9.6
5	35	7.8
5	36	3.3
5	37	5.6
5	38	11
5	39	7.1
5	40	9.1
5	41	6.3
5	42	8.6
5	43	5.1
5	44	3.2
5	45	1.8
5	46	3.8
5	47	42.8
5	48	33.4
5	49	19.8
5	50	43.6
5	51	27.8
5	52	34.3
5	53	32.4
5	54	26.3
5	55	25.9
5	56	16.6
5	57	11.2
5	58	45.6
5	59	33.5
5	60	34
5	61	14.2
5	62	28.1
5	63	13.8
5	64	18.9
5	65	37.6
5	66	11.6
5	67	8.6
5	68	31.4
5	69	19
5	70	28.5
5	71	35.3
5	72	7.1
5	73	25.1
5	74	21
5	75	25.4
5	76	40.6
5	77	9.4
5	78	32
5	79	27
5	80	26.2
5	81	31.1
5	82	35
5	83	40
5	84	31.4
5	85	29
5	86	37.3
5	87	41.6
5	88	28.6
5	89	29.8
5	90	12.4
5	91	25.1
5	92	20.1
5	93	27.5
5	94	30
5	95	42.3
5	96	22.9
5	97	15.9
5	98	31.1
5	99	3.8
5	100	34.5
5	101	21
6	7	3.6
6	8	5
6	9	6.3
6	10	5.8
6	11	5.2
6	12	6.1
6	13	5.6
6	14	2
6	15	5.2
6	16	2.8
6	17	1.5
6	18	2.1
6	19	3.7
6	20	3.7
6	21	2.2
6	22	2.2
6	23	2
6	24	6.1
6	25	4.8
6	26	4.6
6	27	23
6	28	7.2
6	29	6.5
6	30	11
6	31	7.1
6	32	8.5
6	33	5.1
6	34	5.8
6	35	4.5
6	36	0.4
6	37	1.7
6	38	7.6
6	39	5.3
6	40	10
6	41	6.9
6	42	38
6	43	1.8
6	44	0.8
6	45	2.1
6	46	3.3
6	47	33.2
6	48	17.2
6	49	1.6
6	50	28.6
6	51	12.3
6	52	33.6
6	53	17.4
6	54	13.2
6	55	9.6
6	56	8.8
6	57	11.6
6	58	40.5
6	59	17.2
6	60	23.2
6	61	25.7
6	62	12.7
6	63	17.2
6	64	30.5
6	65	31.2
6	66	23.1
6	67	17.3
6	68	25.6
6	69	8.6
6	70	27.9
6	71	24.7
6	72	20.7
6	73	6.1
6	74	32.6
6	75	19
6	76	23.1
6	77	14.4
6	78	31.4
6	79	35.5
6	80	7.2
6	81	21.9
6	82	29.6
6	83	34.5
6	84	13.9
6	85	28.4
6	86	31.8
6	87	36.1
6	88	13.1
6	89	19.6
6	90	9.5
6	91	25.1
6	92	15
6	93	16.3
6	94	33.8
6	95	36.8
6	96	15.4
6	97	16.8
6	98	24.6
6	99	22.8
6	100	24.9
6	101	15.9
7	8	1.9
7	9	7.7
7	10	6.9
7	11	6.9
7	12	7.8
7	13	7
7	14	2.3
7	15	7
7	16	3.8
7	17	3.8
7	18	3.5
7	19	6
7	20	6
7	21	2.1
7	22	3.6
7	23	2.3
7	24	7.8
7	25	6.5
7	26	6.4
7	27	24
7	28	8.6
7	29	3.8
7	30	7.9
7	31	4.4
7	32	5.8
7	33	7.5
7	34	7.4
7	35	6.3
7	36	2.6
7	37	2.7
7	38	9
7	39	3.5
7	40	13
7	41	11
7	42	8.7
7	43	3.8
7	44	4
7	45	3.7
7	46	5.6
7	47	21.3
7	48	19.1
7	49	15.9
7	50	28.5
7	51	23.5
7	52	18.3
7	53	18
7	54	12
7	55	13.1
7	56	10.4
7	57	13.6
7	58	25.4
7	59	19.2
7	60	17.1
7	61	27.2
7	62	23.8
7	63	26.4
7	64	27.2
7	65	16.1
7	66	25.5
7	67	22.6
7	68	8.7
7	69	9.1
7	70	12.6
7	71	17.5
7	72	15.7
7	73	19.5
7	74	26.4
7	75	2.2
7	76	25
7	77	21.9
7	78	16.2
7	79	20.3
7	80	18.4
7	81	12.2
7	82	13.6
7	83	19.4
7	84	21.8
7	85	13.1
7	86	16.7
7	87	21
7	88	15.8
7	89	12.7
7	90	11.3
7	91	10.9
7	92	7.5
7	93	12.3
7	94	18.5
7	95	21.7
7	96	5.3
7	97	12.9
7	98	8.9
7	99	24.2
7	100	15.6
7	101	8.8
8	9	7.8
8	10	8.6
8	11	8.6
8	12	9.8
8	13	8.3
8	14	3.8
8	15	6.5
8	16	9.8
8	17	5.6
8	18	5.2
8	19	7.8
8	20	7.8
8	21	3.5
8	22	5.3
8	23	3.8
8	24	9.8
8	25	8.3
8	26	8.1
8	27	25
8	28	22
8	29	3.3
8	30	13
8	31	3.9
8	32	22
8	33	9.3
8	34	9.2
8	35	22
8	36	4.2
8	37	3.7
8	38	9
8	39	3.9
8	40	14
8	41	11
8	42	12
8	43	5.3
8	44	5.4
8	45	5.2
8	46	4.5
8	47	8.9
8	48	18.3
8	49	25.2
8	50	22.1
8	51	30.5
8	52	33.1
8	53	16.2
8	54	15.3
8	55	19.8
8	56	22.9
8	57	26.5
8	58	23.4
8	59	17.5
8	60	4.9
8	61	40.5
8	62	30.8
8	63	37.7
8	64	40.6
8	65	15.1
8	66	38.4
8	67	35.5
8	68	13
8	69	19.9
8	70	27.1
8	71	2.8
8	72	29
8	73	26.3
8	74	41.1
8	75	17.7
8	76	20.6
8	77	34.8
8	78	30.7
8	79	34.8
8	80	25.4
8	81	7.2
8	82	15.3
8	83	18.9
8	84	25.4
8	85	27.6
8	86	16.2
8	87	19.9
8	88	18.8
8	89	6.7
8	90	24.6
8	91	25.4
8	92	22.9
8	93	12.8
8	94	33
8	95	18.8
8	96	13.5
8	97	26.3
8	98	16.1
8	99	37.1
8	100	5.5
8	101	23.9
9	10	3.1
9	11	3.6
9	12	2.3
9	13	1.5
9	14	6.2
9	15	1.8
9	16	5
9	17	6.8
9	18	5
9	19	6.3
9	20	6.5
9	21	6.3
9	22	5.9
9	23	6.1
9	24	2.3
9	25	2.9
9	26	2.7
9	27	16
9	28	1.9
9	29	6.6
9	30	28
9	31	7.2
9	32	7.6
9	33	4.9
9	34	3.2
9	35	2.1
9	36	7.3
9	37	5.9
9	38	1.5
9	39	11
9	40	11
9	41	3.1
9	42	5.1
9	43	5.2
9	44	7.7
9	45	8.8
9	46	6.4
9	47	15.8
9	48	22.7
9	49	26.9
9	50	30.6
9	51	33
9	52	25.2
9	53	21.5
9	54	17.4
9	55	21.9
9	56	22.3
9	57	25.5
9	58	15.8
9	59	22.7
9	60	15.5
9	61	38.5
9	62	33.3
9	63	38.3
9	64	38.2
9	65	8.1
9	66	36.8
9	67	34.5
9	68	4.1
9	69	21
9	70	19.8
9	71	15.4
9	72	26.6
9	73	28.9
9	74	33.6
9	75	11.7
9	76	27.8
9	77	33.8
9	78	22.8
9	79	33.3
9	80	27.9
9	81	8.7
9	82	4.5
9	83	9.6
9	84	27.9
9	85	18.7
9	86	6.9
9	87	11.2
9	88	21.3
9	89	11.3
9	90	23.2
9	91	18.1
9	92	19.4
9	93	15.9
9	94	25.7
9	95	11.9
9	96	14.1
9	97	24.3
9	98	10.7
9	99	36.1
9	100	11.3
9	101	20.7
10	11	0.7
10	12	0.9
10	13	2.7
10	14	5.3
10	15	3.4
10	16	3.6
10	17	4.7
10	18	3.8
10	19	3.2
10	20	3.2
10	21	5.4
10	22	4.9
10	23	5.3
10	24	1.4
10	25	2.7
10	26	2.6
10	27	17
10	28	5
10	29	7.9
10	30	20
10	31	9.2
10	32	11
10	33	1.8
10	34	1.1
10	35	3.3
10	36	5.3
10	37	5
10	38	2.2
10	39	10
10	40	7.8
10	41	6.6
10	42	2.5
10	43	3.4
10	44	6
10	45	5.7
10	46	3.4
10	47	38.3
10	48	19
10	49	11.2
10	50	29.1
10	51	6.7
10	52	42.9
10	53	19.2
10	54	16.2
10	55	14.3
10	56	18.2
10	57	21.3
10	58	45.2
10	59	19.1
10	60	27.3
10	61	31.5
10	62	7
10	63	21.4
10	64	35.2
10	65	35.9
10	66	28.9
10	67	21.9
10	68	32.2
10	69	17.4
10	70	35.9
10	71	28.7
10	72	27.4
10	73	6.1
10	74	38.3
10	75	25.6
10	76	20.9
10	77	19
10	78	39.5
10	79	46.2
10	80	6.8
10	81	26.9
10	82	35.5
10	83	39.2
10	84	14.5
10	85	36.4
10	86	36.4
10	87	40.8
10	88	15.1
10	89	24.2
10	90	18.6
10	91	34.5
10	92	23.2
10	93	19.8
10	94	41.9
10	95	41.5
10	96	22.1
10	97	25.8
10	98	31.2
10	99	28.6
10	100	29.5
10	101	24.8
11	12	0.9
11	13	2.7
11	14	5.8
11	15	3.8
11	16	4.2
11	17	5.3
11	18	4.3
11	19	3.8
11	20	3.6
11	21	6
11	22	4.7
11	23	5.8
11	24	0.9
11	25	2.6
11	26	2.5
11	27	18
11	28	4.8
11	29	7.7
11	30	21
11	31	9.1
11	32	10
11	33	2.4
11	34	0.6
11	35	3.2
11	36	5.6
11	37	5.5
11	38	1.7
11	39	11
11	40	8.3
11	41	7.2
11	42	3.8
11	43	3.9
11	44	6.6
11	45	6.3
11	46	4
11	47	17.7
11	48	30.8
11	49	35.4
11	50	38.7
11	51	41.1
11	52	28.4
11	53	29.7
11	54	25.6
11	55	30
11	56	29.9
11	57	31.8
11	58	5.4
11	59	30.9
11	60	23.6
11	61	41.9
11	62	41.4
11	63	44.4
11	64	41
11	65	13
11	66	42.6
11	67	40.5
11	68	12.4
11	69	28.6
11	70	22.7
11	71	23.5
11	72	32.1
11	73	37
11	74	36.4
11	75	19.6
11	76	36
11	77	39.9
11	78	25.2
11	79	30.3
11	80	36
11	81	16.8
11	82	10.6
11	83	9.7
11	84	36.1
11	85	21.1
11	86	6.6
11	87	4.9
11	88	29.4
11	89	19.5
11	90	30.8
11	91	20.7
11	92	27
11	93	24
11	94	28.7
11	95	5.6
11	96	21.8
11	97	29
11	98	18.3
11	99	42.2
11	100	18.7
11	101	28.3
12	13	2
12	14	6.1
12	15	3
12	16	4.9
12	17	6
12	18	5.4
12	19	4.5
12	20	4.5
12	21	6.7
12	22	5.3
12	23	6.5
12	24	0.1
12	25	3.2
12	26	3.1
12	27	16
12	28	5
12	29	7.9
12	30	14
12	31	8.4
12	32	9.6
12	33	3
12	34	1.2
12	35	2.5
12	36	6.5
12	37	6.2
12	38	0.8
12	39	12
12	40	9
12	41	7.8
12	42	3.3
12	43	7.8
12	44	7.4
12	45	7.1
12	46	4.9
12	47	16.9
12	48	25.2
12	49	27.5
12	50	33.6
12	51	35.2
12	52	20.8
12	53	24.1
12	54	19.7
12	55	24
12	56	22.5
12	57	23.7
12	58	13.5
12	59	25.3
12	60	17.8
12	61	34.7
12	62	35.5
12	63	36.5
12	64	33.9
12	65	8.3
12	66	34.4
12	67	32.6
12	68	4.3
12	69	21.3
12	70	15.6
12	71	16.6
12	72	24.2
12	73	31.6
12	74	29.3
12	75	11.1
12	76	31.1
12	77	32
12	78	18.5
12	79	23.2
12	80	30.6
12	81	10.6
12	82	4.1
12	83	7.5
12	84	30.2
12	85	14.4
12	86	4.8
12	87	9.1
12	88	23.5
12	89	14
12	90	22.3
12	91	14.5
12	92	19.7
12	93	18.3
12	94	21.5
12	95	9.8
12	96	14.4
12	97	21.9
12	98	11
12	99	34.3
12	100	12.1
12	101	20.9
13	14	5.8
13	15	2.1
13	16	4.2
13	17	6.4
13	18	4.7
13	19	6
13	20	6
13	21	5.8
13	22	5.6
13	23	5.8
13	24	2
13	25	2.6
13	26	3
13	27	18
13	28	26
13	29	5.9
13	30	13
13	31	7.3
13	32	8.6
13	33	4.5
13	34	3
13	35	1.4
13	36	6
13	37	5.6
13	38	2.4
13	39	11
13	40	11
13	41	9.3
13	42	5.3
13	43	5.1
13	44	7.4
13	45	8.5
13	46	6.1
13	47	29.2
13	48	7.9
13	49	13.4
13	50	18
13	51	16.1
13	52	34.9
13	53	8.1
13	54	7.1
13	55	5.6
13	56	15.5
13	57	20.9
13	58	36
13	59	7.9
13	60	18.1
13	61	35.5
13	62	16.5
13	63	28
13	64	35.7
13	65	26.7
13	66	32.9
13	67	28.3
13	68	22.4
13	69	11.9
13	70	28.9
13	71	19.6
13	72	24.2
13	73	12.7
13	74	38.7
13	75	18.1
13	76	14.4
13	77	25.4
13	78	32.4
13	79	37.7
13	80	11.8
13	81	17.7
13	82	26.4
13	83	30
13	84	6.2
13	85	29.4
13	86	27.3
13	87	31.6
13	88	6
13	89	15.1
13	90	17.9
13	91	27.2
13	92	17.4
13	93	10.7
13	94	35.1
13	95	32.4
13	96	13.7
13	97	21.4
13	98	21.3
13	99	31.7
13	100	20.4
13	101	18.3
14	15	4.6
14	16	1.4
14	17	2.6
14	18	1.9
14	19	4.8
14	20	4.8
14	21	0.8
14	22	2.3
14	23	0.3
14	24	6.1
14	25	6.7
14	26	6.6
14	27	23
14	28	6.6
14	29	5.1
14	30	27
14	31	5.7
14	32	28
14	33	6.2
14	34	6.1
14	35	3.9
14	36	2.4
14	37	0.6
14	38	7
14	39	5.2
14	40	11
14	41	8
14	42	7.3
14	43	2.7
14	44	2.8
14	45	4
14	46	4.4
14	47	33.8
14	48	26.9
14	49	17.9
14	50	37
14	51	28.5
14	52	24.7
14	53	25.9
14	54	19.8
14	55	18.8
14	56	12.8
14	57	3.8
14	58	36
14	59	26.9
14	60	26.2
14	61	17.1
14	62	28.9
14	63	19.6
14	64	17.2
14	65	28.6
14	66	15.4
14	67	15.8
14	68	21.8
14	69	13.7
14	70	19
14	71	27.9
14	72	2
14	73	22.7
14	74	19.3
14	75	16.4
14	76	33.1
14	77	15.1
14	78	22.4
14	79	28.7
14	80	24.2
14	81	23.9
14	82	25.4
14	83	30.4
14	84	27.6
14	85	19.4
14	86	27.7
14	87	32
14	88	22
14	89	22.5
14	90	12.6
14	91	15.5
14	92	12.1
14	93	20.6
14	94	24.9
14	95	32.7
14	96	15.7
14	97	2.6
14	98	22
14	99	17.4
14	100	27.4
14	101	13
15	16	6.1
15	17	8.8
15	18	6.6
15	19	7.8
15	20	7.8
15	21	8.4
15	22	7.3
15	23	40.7
15	24	3.6
15	25	4.4
15	26	4.2
15	27	3.6
15	28	28.6
15	29	5.4
15	30	12.2
15	31	6
15	32	7
15	33	6.4
15	34	4.8
15	35	1.7
15	36	8.7
15	37	7.4
15	38	3.9
15	39	9.8
15	40	12.1
15	41	11.2
15	42	6.6
15	43	6.9
15	44	9.2
15	45	10.3
15	46	8.4
15	47	23.1
15	48	21
15	49	17
15	50	30.4
15	51	24.6
15	52	19.4
15	53	19.8
15	54	13.8
15	55	14.3
15	56	11.5
15	57	14.7
15	58	27.2
15	59	21
15	60	18.9
15	61	28.3
15	62	25
15	63	27.6
15	64	28.4
15	65	17.9
15	66	26.7
15	67	23.7
15	68	10.6
15	69	10.3
15	70	13.6
15	71	19.5
15	72	16
15	73	20.6
15	74	27.4
15	75	4.1
15	76	26.9
15	77	23.1
15	78	17.2
15	79	21.3
15	80	19.6
15	81	14
15	82	15.5
15	83	21.3
15	84	22.9
15	85	14.1
15	86	18.5
15	87	22.9
15	88	17
15	89	14.5
15	90	12.4
15	91	12
15	92	1.9
15	93	14.2
15	94	19.6
15	95	23.6
15	96	7
15	97	14.1
15	98	10.8
15	99	25.4
15	100	17.4
15	101	9.9
16	17	2.6
16	18	0.9
16	19	4.1
16	20	4.1
16	21	2.2
16	22	1.8
16	23	2
16	24	4.5
16	25	5.1
16	26	5.2
16	27	4.3
16	28	5
16	29	5.8
16	30	11
16	31	7.1
16	32	9.7
16	33	4.1
16	34	4.5
16	35	2.3
16	36	3.2
16	37	1.7
16	38	5.5
16	39	6
16	40	10
16	41	8.9
16	42	5.7
16	43	1.7
16	44	3.6
16	45	4.8
16	46	3.7
16	47	31.6
16	48	31
16	49	27.6
16	50	40.4
16	51	36.6
16	52	6.7
16	53	29.8
16	54	23.9
16	55	26.2
16	56	23.2
16	57	23.7
16	58	28
16	59	31
16	60	28.1
16	61	20.2
16	62	36.9
16	63	32.7
16	64	19.4
16	65	24.6
16	66	22.5
16	67	28.8
16	68	17.9
16	69	22.2
16	70	2.9
16	71	28.4
16	72	20.4
16	73	32.5
16	74	14.8
16	75	13.3
16	76	36.9
16	77	28.2
16	78	15.7
16	79	8.7
16	80	31.5
16	81	23.2
16	82	20.6
16	83	23.8
16	84	35.8
16	85	2.8
16	86	21
16	87	25.4
16	88	28.7
16	89	23.6
16	90	22.4
16	91	8.8
16	92	20.6
16	93	24.2
16	94	7
16	95	26.1
16	96	17
16	97	15.2
16	98	19.3
16	99	30.5
16	100	26.3
16	101	16.4
17	18	2.4
17	19	2.9
17	20	2.9
17	21	2.8
17	22	2
17	23	2
17	24	6
17	25	4.7
17	26	4.5
17	27	23
17	28	19
17	29	7
17	30	26
17	31	7.7
17	32	27
17	33	4.3
17	34	5.6
17	35	4.3
17	36	1.9
17	37	2
17	38	9.6
17	39	6.8
17	40	6.8
17	41	6.9
17	42	7.3
17	43	1.7
17	44	1.5
17	45	2.7
17	46	2.5
17	47	20.1
17	48	16.3
17	49	26.5
17	50	10.5
17	51	32.2
17	52	39.3
17	53	14.2
17	54	14.2
17	55	20.2
17	56	25.4
17	57	29.3
17	58	34.7
17	59	15.5
17	60	10.8
17	61	43.8
17	62	32.6
17	63	39.6
17	64	44.6
17	65	27
17	66	41.2
17	67	38.3
17	68	24.2
17	69	22.1
17	70	33.6
17	71	11.1
17	72	33
17	73	26.7
17	74	46.7
17	75	22.8
17	76	18.1
17	77	37
17	78	37.1
17	79	41.2
17	80	25.8
17	81	18
17	82	26.4
17	83	30.4
17	84	24.3
17	85	34.1
17	86	27.6
17	87	31.8
17	88	18.6
17	89	14.3
17	90	28.6
17	91	31.9
17	92	26
17	93	11.6
17	94	39.5
17	95	30.6
17	96	18.4
17	97	30.3
17	98	24.7
17	99	39.9
17	100	17.4
17	101	26.9
18	19	3.4
18	20	3.4
18	21	2
18	22	1.1
18	23	1.8
18	24	4.8
18	25	3.7
18	26	3.6
18	27	20
18	28	20
18	29	6.2
18	30	27
18	31	6.9
18	32	28
18	33	4.2
18	34	4.7
18	35	2.6
18	36	2.9
18	37	1.6
18	38	7.4
18	39	7.4
18	40	10
18	41	8.9
18	42	5.8
18	43	1.5
18	44	2.9
18	45	4.1
18	46	3
18	47	42.3
18	48	28.8
18	49	13.1
18	50	42.2
18	51	17.7
18	52	37.5
18	53	29
18	54	24.1
18	55	20.7
18	56	15.3
18	57	14.5
18	58	47.7
18	59	28.8
18	60	32.1
18	61	22.6
18	62	18
18	63	8.4
18	64	27.3
18	65	38.4
18	66	20
18	67	14
18	68	32.8
18	69	16.1
18	70	31.8
18	71	33.5
18	72	20.7
18	73	18.2
18	74	29.5
18	75	26.2
18	76	31.7
18	77	11.1
18	78	35.3
18	79	35.5
18	80	19.3
18	81	30.8
18	82	36.8
18	83	41.7
18	84	26.2
18	85	32.3
18	86	39
18	87	44.2
18	88	24.4
18	89	28.5
18	90	14
18	91	28.3
18	92	21.7
18	93	25.3
18	94	37.7
18	95	44
18	96	22.8
18	97	19.1
18	98	31.8
18	99	21.9
18	100	33.8
18	101	22.6
19	20	0.5
19	21	5
19	22	3.5
19	23	4.8
19	24	4.5
19	25	6.1
19	26	6
19	27	19
19	28	19
19	29	9.2
19	30	26
19	31	9.9
19	32	27
19	33	1.9
19	34	4.1
19	35	5.8
19	36	4
19	37	3.9
19	38	7.3
19	39	8.7
19	40	9.2
19	41	5.9
19	42	4.7
19	43	3.2
19	44	3.3
19	45	3
19	46	0.7
19	47	38.4
19	48	30.6
19	49	21.5
19	50	40.6
19	51	33.4
19	52	26.3
19	53	29.5
19	54	23.4
19	55	22.4
19	56	16.4
19	57	14.9
19	58	37.6
19	59	30.7
19	60	29.8
19	61	10.7
19	62	33.7
19	63	24.5
19	64	10.8
19	65	33.2
19	66	9
19	67	20.3
19	68	26.2
19	69	17.3
19	70	20.5
19	71	31.5
19	72	9
19	73	26.3
19	74	12.9
19	75	20
19	76	36.7
19	77	20
19	78	24
19	79	22.2
19	80	27.8
19	81	27.5
19	82	29.8
19	83	33.7
19	84	31.2
19	85	21
19	86	30.9
19	87	35.3
19	88	25.6
19	89	26.1
19	90	14.2
19	91	17.1
19	92	15.7
19	93	24.2
19	94	21.9
19	95	36
19	96	19.3
19	97	6.5
19	98	26.7
19	99	22.3
19	100	30.9
19	101	11.4
20	21	5
20	22	3.5
20	23	4.8
20	24	4.5
20	25	6.1
20	26	6
20	27	19
20	28	19
20	29	9.2
20	30	26
20	31	9.9
20	32	27
20	33	1.9
20	34	4.1
20	35	5.8
20	36	4
20	37	4.5
20	38	7.3
20	39	8.7
20	40	7.1
20	41	5.9
20	42	4.7
20	43	3.2
20	44	3.3
20	45	3
20	46	0.7
20	47	12.3
20	48	17
20	49	22.5
20	50	23.2
20	51	27.9
20	52	28.2
20	53	15.8
20	54	12.8
20	55	17.3
20	56	19.2
20	57	22.8
20	58	20.4
20	59	17
20	60	7.9
20	61	36.8
20	62	28.3
20	63	35
20	64	36.9
20	65	11.1
20	66	34.7
20	67	31.8
20	68	8.5
20	69	16.9
20	70	22.5
20	71	7.6
20	72	25.3
20	73	23.8
20	74	36.3
20	75	13.1
20	76	21.1
20	77	31.1
20	78	26.1
20	79	30.2
20	80	22.8
20	81	2.3
20	82	10.8
20	83	14.4
20	84	22.9
20	85	23
20	86	11.7
20	87	16
20	88	16.2
20	89	3.9
20	90	20.9
20	91	20.8
20	92	19.5
20	93	10.5
20	94	28.4
20	95	16.7
20	96	9.8
20	97	22.6
20	98	11.3
20	99	33.4
20	100	3.8
20	101	20.2
21	22	2.5
21	23	0.8
21	24	6.3
21	25	6.9
21	26	6.7
21	27	21
21	28	20
21	29	4.7
21	30	27
21	31	5.4
21	32	29
21	33	6.4
21	34	6.3
21	35	4
21	36	2.6
21	37	0.8
21	38	8.8
21	39	4.8
21	40	12
21	41	8.2
21	42	7.5
21	43	2.9
21	44	3
21	45	4.3
21	46	4.6
21	47	24.6
21	48	19.5
21	49	15
21	50	29.5
21	51	22.6
21	52	20.6
21	53	18.4
21	54	12.3
21	55	12.2
21	56	9.5
21	57	12.7
21	58	28.7
21	59	19.6
21	60	18.1
21	61	26.3
21	62	22.9
21	63	25.5
21	64	26.3
21	65	19.4
21	66	24.6
21	67	21.7
21	68	12.2
21	69	8.2
21	70	14.9
21	71	19.1
21	72	14.8
21	73	18.6
21	74	28.5
21	75	5.6
21	76	25.6
21	77	21
21	78	18.5
21	79	22.6
21	80	17.5
21	81	15
21	82	17.8
21	83	22.7
21	84	20.9
21	85	15.4
21	86	20
21	87	24.3
21	88	15
21	89	13.7
21	90	10.4
21	91	13.2
21	92	1.3
21	93	13
21	94	20.8
21	95	25
21	96	5.9
21	97	12
21	98	12.9
21	99	23.3
21	100	18.5
21	101	4.9
22	23	1.4
22	24	5.8
22	25	6.4
22	26	6.4
22	27	21
22	28	20
22	29	5.8
22	30	26
22	31	6.5
22	32	28
22	33	5.4
22	34	5.8
22	35	3.6
22	36	2
22	37	1.1
22	38	8.4
22	39	4.8
22	40	11
22	41	9.1
22	42	6.3
22	43	1.9
22	44	2.4
22	45	3.7
22	46	3.4
22	47	15.1
22	48	31.7
22	49	36.3
22	50	38
22	51	42.4
22	52	32.7
22	53	30.6
22	54	26.9
22	55	31.4
22	56	32.3
22	57	35.5
22	58	8.3
22	59	31.8
22	60	22.3
22	61	46.2
22	62	42.7
22	63	48.3
22	64	45.4
22	65	16.6
22	66	46.2
22	67	44.5
22	68	16.1
22	69	31
22	70	27
22	71	21.3
22	72	37
22	73	38.3
22	74	40.8
22	75	23
22	76	36
22	77	43.8
22	78	29.2
22	79	34.7
22	80	37.3
22	81	16.6
22	82	14.3
22	83	13.4
22	84	37.4
22	85	25.1
22	86	10.3
22	87	4.7
22	88	30.7
22	89	19.3
22	90	33.2
22	91	25.1
22	92	29.5
22	93	25.3
22	94	32.3
22	95	3.5
22	96	23.5
22	97	33
22	98	20.7
22	99	46.1
22	100	16.4
22	101	30.7
23	24	6.1
23	25	6.7
23	26	6.6
23	27	21
23	28	20
23	29	5
23	30	27
23	31	5.7
23	32	28
23	33	6.2
23	34	6.1
23	35	3.9
23	36	2.4
23	37	0.6
23	38	8.7
23	39	5.2
23	40	11
23	41	46.8
23	42	47.5
23	43	2.7
23	44	2.8
23	45	4
23	46	4.4
23	47	35.1
23	48	15.8
23	49	9.8
23	50	25.9
23	51	3.6
23	52	40
23	53	16
23	54	13
23	55	11
23	56	16.1
23	57	19.3
23	58	41.9
23	59	15.9
23	60	24.1
23	61	33.6
23	62	4
23	63	25.1
23	64	38.6
23	65	32.6
23	66	31
23	67	25.2
23	68	28.3
23	69	14.6
23	70	33.1
23	71	25.5
23	72	27
23	73	4.6
23	74	40.5
23	75	22.7
23	76	18
23	77	22.3
23	78	36.6
23	79	40.7
23	80	3
23	81	23.6
23	82	32.3
23	83	36
23	84	11.2
23	85	33.6
23	86	33.2
23	87	37.6
23	88	11.9
23	89	21
23	90	17.2
23	91	31.8
23	92	20.3
23	93	16.6
23	94	39
23	95	38.3
23	96	19.1
23	97	24.3
23	98	28.4
23	99	30.7
23	100	26.3
23	101	21.2
24	25	3.2
24	26	3.1
24	27	16
24	28	24
24	29	7.8
24	30	31
24	31	8.4
24	32	32
24	33	3
24	34	1.2
24	35	2.5
24	36	6.5
24	37	6.2
24	38	3.1
24	39	12
24	40	9.2
24	41	7.8
24	42	3.4
24	43	4.6
24	44	7.3
24	45	7
24	46	4.6
24	47	39
24	48	29.7
24	49	15.1
24	50	39.8
24	51	22.9
24	52	30.5
24	53	28.7
24	54	22.6
24	55	22.2
24	56	12.8
24	57	7.5
24	58	41.8
24	59	29.7
24	60	29.7
24	61	11.2
24	62	23.2
24	63	9
24	64	15.9
24	65	33.9
24	66	8.6
24	67	3.6
24	68	27.6
24	69	15.2
24	70	24.8
24	71	31.6
24	72	13.6
24	73	20.2
24	74	18.1
24	75	21.7
24	76	36.9
24	77	4.5
24	78	28.2
24	79	27.4
24	80	21.3
24	81	27.3
24	82	31.2
24	83	36.2
24	84	27.7
24	85	25.3
24	86	33.5
24	87	37.8
24	88	24.8
24	89	26.1
24	90	8.6
24	91	21.3
24	92	16.3
24	93	23.8
24	94	27.1
24	95	38.5
24	96	19.1
24	97	12.1
24	98	27.3
24	99	7.8
24	100	30.8
24	101	17.2
25	26	0.3
25	27	19
25	28	23
25	29	6.5
25	30	29
25	31	7.1
25	32	31
25	33	4.5
25	34	2.9
25	35	1.2
25	36	5.1
25	37	3.6
25	38	6
25	39	7.9
25	40	11
25	41	9.3
25	42	5.2
25	43	3.1
25	44	5.5
25	45	6.7
25	46	5.6
25	47	31
25	48	24.1
25	49	15.1
25	50	34.3
25	51	25.7
25	52	21.9
25	53	23.1
25	54	17
25	55	16
25	56	10
25	57	8.7
25	58	33.2
25	59	24.2
25	60	23.5
25	61	17.5
25	62	26.1
25	63	16.8
25	64	17.6
25	65	25.8
25	66	15.8
25	67	13
25	68	19
25	69	11
25	70	16.2
25	71	25.1
25	72	4.5
25	73	19.9
25	74	19.7
25	75	13.6
25	76	30.3
25	77	12.3
25	78	19.7
25	79	23.8
25	80	21.4
25	81	21.1
25	82	22.7
25	83	27.6
25	84	24.8
25	85	16.7
25	86	24.9
25	87	29.2
25	88	19.2
25	89	19.7
25	90	9.8
25	91	12.7
25	92	9.3
25	93	17.9
25	94	22.1
25	95	30
25	96	12.9
25	97	2.9
25	98	19.3
25	99	14.6
25	100	24.6
25	101	10.2
26	27	19
26	28	23
26	29	6.3
26	30	29
26	31	7
26	32	31
26	33	4.3
26	34	2.9
26	35	1
26	36	5.1
26	37	3.5
26	38	5.8
26	39	7.8
26	40	11
26	41	9.1
26	42	5.1
26	43	3.1
26	44	5.3
26	45	6.7
26	46	5.5
26	47	13.5
26	48	14.1
26	49	23.4
26	50	16.9
26	51	29
26	52	33.1
26	53	12
26	54	12.2
26	55	16.9
26	56	20.9
26	57	24.4
26	58	27.3
26	59	13.3
26	60	1.9
26	61	39
26	62	29.3
26	63	35.9
26	64	39
26	65	18.1
26	66	36.4
26	67	33.5
26	68	15.3
26	69	18
26	70	27.3
26	71	3.5
26	72	28
26	73	24.9
26	74	41.1
26	75	17.5
26	76	15.6
26	77	33.3
26	78	30.9
26	79	35
26	80	23.9
26	81	9.3
26	82	17.6
26	83	21.5
26	84	21.7
26	85	27.8
26	86	18.8
26	87	22.9
26	88	16.7
26	89	6.3
26	90	23
26	91	25.6
26	92	21.2
26	93	9.8
26	94	33.2
26	95	21.7
26	96	13.1
26	97	24.7
26	98	17.5
26	99	35.1
26	100	8.5
26	101	22.1
27	28	36
27	29	27
27	30	42
27	31	26
27	32	44
27	33	18
27	34	18
27	35	18
27	36	22
27	37	23
27	38	5
27	39	29
27	40	22
27	41	8.5
27	42	4.4
27	43	20
27	44	22
27	45	36
27	46	22
27	47	27.3
27	48	15.3
27	49	8.3
27	50	26.2
27	51	18.9
27	52	27.2
27	53	15.1
27	54	9
27	55	7.3
27	56	4.2
27	57	9.8
27	58	32.6
27	59	15.4
27	60	17.1
27	61	24.4
27	62	19.3
27	63	19.5
27	64	25.9
27	65	23.3
27	66	21.7
27	67	18.8
27	68	17.7
27	69	0.7
27	70	21.5
27	71	18.6
27	72	14.3
27	73	12.7
27	74	28
27	75	11.1
27	76	22.4
27	77	16.9
27	78	25.1
27	79	29.1
27	80	13.9
27	81	15.6
27	82	21.7
27	83	26.6
27	84	15.8
27	85	22
27	86	23.9
27	87	28.2
27	88	10.5
27	89	13.5
27	90	8.4
27	91	20.2
27	92	7.6
27	93	10.2
27	94	27.4
27	95	29
27	96	7.4
27	97	11.6
27	98	16.8
27	99	20.4
27	100	19.1
27	101	8.5
28	29	26
28	30	31
28	31	25
28	32	33
28	33	24
28	34	23
28	35	27
28	36	19
28	37	21
28	38	28.9
28	39	18
28	40	12
28	41	12.5
28	42	22.4
28	43	21
28	44	19
28	45	18
28	46	20
28	47	28.6
28	48	10
28	49	24
28	50	9.9
28	51	18.8
28	52	41.6
28	53	9.2
28	54	16.5
28	55	17.2
28	56	27.8
28	57	32.4
28	58	40.2
28	59	9.1
28	60	17.2
28	61	46.5
28	62	19.2
28	63	39.8
28	64	46.5
28	65	30.8
28	66	44.4
28	67	40
28	68	27.8
28	69	23.6
28	70	35.8
28	71	18.8
28	72	35.3
28	73	21.6
28	74	48.7
28	75	25
28	76	2.2
28	77	37.1
28	78	39.4
28	79	43.5
28	80	20
28	81	21.8
28	82	31.8
28	83	34.1
28	84	14.2
28	85	36.3
28	86	31.3
28	87	35.7
28	88	15.4
28	89	18.1
28	90	30.2
28	91	34.1
28	92	28.3
28	93	13.7
28	94	41.7
28	95	36
28	96	20.7
28	97	32.2
28	98	27
28	99	43.1
28	100	22.7
28	101	29.2
29	30	15
29	31	1.8
29	32	27
29	33	11
29	34	10
29	35	6.3
29	36	5.6
29	37	5.1
29	38	9
29	39	6.2
29	40	16
29	41	12.4
29	42	9.9
29	43	7.1
29	44	6.7
29	45	6.6
29	46	8.8
29	47	12.7
29	48	33
29	49	37.6
29	50	39.3
29	51	43.7
29	52	34.1
29	53	31.9
29	54	28.2
29	55	32.7
29	56	33.6
29	57	36.8
29	58	6.6
29	59	33.1
29	60	22.7
29	61	47.6
29	62	44.1
29	63	49.7
29	64	46.7
29	65	17.9
29	66	49.1
29	67	45.8
29	68	18.1
29	69	32.4
29	70	28.4
29	71	20.6
29	72	37.8
29	73	39.6
29	74	42.1
29	75	24.3
29	76	37.3
29	77	45.2
29	78	31.3
29	79	41.8
29	80	38.7
29	81	17.9
29	82	16.4
29	83	15.4
29	84	38.7
29	85	26.8
29	86	12.3
29	87	6.6
29	88	32
29	89	20.6
29	90	34.5
29	91	26.4
29	92	30.8
29	93	26.6
29	94	34.4
29	95	5.4
29	96	24.8
29	97	34.7
29	98	22
29	99	47.5
29	100	17.7
29	101	32
30	31	25
30	32	12
30	33	28
30	34	28
30	35	33
30	36	24
30	37	22
30	38	22.1
30	39	13
30	40	32
30	41	19.1
30	42	19.8
30	43	26
30	44	23
30	45	22
30	46	24
30	47	42.3
30	48	40.2
30	49	31.1
30	50	50.2
30	51	39.2
30	52	17.4
30	53	39.1
30	54	33
30	55	32
30	56	26
30	57	22.1
30	58	40
30	59	40.3
30	60	38.7
30	61	7.2
30	62	39.6
30	63	24.7
30	64	6.4
30	65	35.3
30	66	9.5
30	67	19
30	68	28.6
30	69	26.9
30	70	14.5
30	71	39.1
30	72	18.6
30	73	36.5
30	74	1.9
30	75	24
30	76	46.2
30	77	20.2
30	78	26.4
30	79	7.9
30	80	37.4
30	81	33.9
30	82	32.2
30	83	34.5
30	84	40.8
30	85	13.5
30	86	31.7
30	87	36.1
30	88	35.5
30	89	34.3
30	90	23.2
30	91	19.5
30	92	25.3
30	93	33.8
30	94	10.9
30	95	36.8
30	96	27.7
30	97	16.1
30	98	30
30	99	20.4
30	100	37
30	101	21
31	32	25
31	33	12
31	34	10
31	35	8.6
31	36	6.7
31	37	6.2
31	38	14.1
31	39	7.4
31	40	17
31	41	13.6
31	42	10.9
31	43	8.2
31	44	7.8
31	45	7.7
31	46	9.9
31	47	13.8
31	48	33.4
31	49	38.8
31	50	39.6
31	51	44.9
31	52	32.2
31	53	32.2
31	54	29.4
31	55	33.8
31	56	33.7
31	57	35.6
31	58	5.5
31	59	33.4
31	60	23.9
31	61	45.7
31	62	45.2
31	63	48.2
31	64	44.8
31	65	16.8
31	66	47.2
31	67	44.3
31	68	16.2
31	69	32.4
31	70	26.5
31	71	21.7
31	72	35.9
31	73	40.8
31	74	40.2
31	75	23.4
31	76	37.6
31	77	43.7
31	78	29.4
31	79	34.1
31	80	39.8
31	81	18.2
31	82	14.4
31	83	13.5
31	84	39.8
31	85	24.9
31	86	10.3
31	87	6.9
31	88	33.2
31	89	20.9
31	90	34.5
31	91	24.5
31	92	30.8
31	93	27.8
31	94	32.5
31	95	5.7
31	96	25.6
31	97	32.8
31	98	22.1
31	99	46
31	100	18
31	101	32.1
32	33	32
32	34	32
32	35	31
32	36	22
32	37	22
32	38	13
32	39	19
32	40	36
32	41	21.9
32	42	12.5
32	43	23
32	44	27
32	45	26
32	46	28
32	47	13.7
32	48	22.7
32	49	25.5
32	50	30.3
32	51	32.7
32	52	25.9
32	53	21.6
32	54	17.2
32	55	21.5
32	56	20
32	57	23.2
32	58	18
32	59	22.8
32	60	14.6
32	61	37.8
32	62	33.1
32	63	36.1
32	64	36.9
32	65	8.7
32	66	35.2
32	67	32.3
32	68	5
32	69	18.8
32	70	20.2
32	71	13.4
32	72	24.8
32	73	29.1
32	74	34
32	75	10.8
32	76	27.9
32	77	31.6
32	78	23.7
32	79	27.9
32	80	27.7
32	81	7.3
32	82	0.8
32	83	12
32	84	27.7
32	85	20.7
32	86	9.3
32	87	13.6
32	88	21
32	89	10.7
32	90	20.9
32	91	18.5
32	92	17.2
32	93	15.9
32	94	26.1
32	95	14.3
32	96	11.9
32	97	22.6
32	98	8.5
32	99	33.9
32	100	8.9
32	101	18.5
33	34	2.4
33	35	5
33	36	5.5
33	37	4.6
33	38	5.6
33	39	10
33	40	7.4
33	41	6
33	42	3.6
33	43	3.6
33	44	5.4
33	45	5.1
33	46	2.8
33	47	34.2
33	48	10.7
33	49	14.6
33	50	19
33	51	11
33	52	39.9
33	53	12
33	54	12.1
33	55	10.6
33	56	18.4
33	57	23.8
33	58	41
33	59	11.1
33	60	23.5
33	61	38.4
33	62	11.3
33	63	30.6
33	64	40.8
33	65	31.7
33	66	35.8
33	67	30.7
33	68	27.4
33	69	16.8
33	70	33.8
33	71	25.2
33	72	29.3
33	73	13.2
33	74	43.6
33	75	23
33	76	13.5
33	77	27.8
33	78	37.4
33	79	43
33	80	12.1
33	81	22.7
33	82	31.4
33	83	35
33	84	1.1
33	85	34.3
33	86	32.3
33	87	36.6
33	88	11
33	89	20.1
33	90	20.9
33	91	32.2
33	92	22.5
33	93	15.7
33	94	40.9
33	95	37.3
33	96	18.7
33	97	26.5
33	98	26.3
33	99	34.5
33	100	25.3
33	101	23.4
34	35	3.5
34	36	6.2
34	37	5.8
34	38	4.1
34	39	17
34	40	8.6
34	41	7.5
34	42	2.6
34	43	4.2
34	44	6.9
34	45	6.6
34	46	4.3
34	47	22
34	48	17.4
34	49	28.2
34	50	3.9
34	51	33.3
34	52	40.4
34	53	15.3
34	54	15.3
34	55	21.3
34	56	26.5
34	57	30.4
34	58	36.6
34	59	16.6
34	60	12.6
34	61	44.9
34	62	33.7
34	63	41.1
34	64	45.7
34	65	28.4
34	66	42.3
34	67	39.4
34	68	26.5
34	69	23.2
34	70	34.7
34	71	12.9
34	72	34.1
34	73	27.8
34	74	47.8
34	75	23.9
34	76	19.2
34	77	38.5
34	78	38.2
34	79	48.1
34	80	26.9
34	81	19.1
34	82	28.7
34	83	31.8
34	84	25.4
34	85	35.2
34	86	29
34	87	33.4
34	88	19.7
34	89	15.4
34	90	29.7
34	91	33
34	92	27.1
34	93	12.7
34	94	40.6
34	95	32.9
34	96	19.5
34	97	31.4
34	98	25.8
34	99	41
34	100	19.6
34	101	28
35	36	5.6
35	37	4.2
35	38	5
35	39	9.3
35	40	11
35	41	10.8
35	42	7.1
35	43	3.7
35	44	6
35	45	8.9
35	46	6.1
35	47	24.8
35	48	32.6
35	49	35.6
35	50	40.5
35	51	44.3
35	52	26
35	53	31.5
35	54	27.4
35	55	33
35	56	31.2
35	57	31.7
35	58	12.6
35	59	32.7
35	60	25.4
35	61	39.5
35	62	44.6
35	63	42
35	64	38.6
35	65	14.7
35	66	39
35	67	38.1
35	68	13.1
35	69	29.9
35	70	20.3
35	71	24.5
35	72	29.7
35	73	40.3
35	74	34
35	75	19.9
35	76	37.8
35	77	37.5
35	78	22.7
35	79	27.9
35	80	39.2
35	81	18.5
35	82	12
35	83	11.5
35	84	37.9
35	85	18.6
35	86	8.4
35	87	13.1
35	88	31.2
35	89	21.3
35	90	30.4
35	91	18.3
35	92	28.4
35	93	25.8
35	94	25.8
35	95	13.8
35	96	23.1
35	97	26.5
35	98	19.6
35	99	39.8
35	100	20
35	101	29.7
36	37	2.1
36	38	7.6
36	39	5
36	40	11
36	41	7.7
36	42	7.7
36	43	2.2
36	44	1.2
36	45	1.8
36	46	3.6
36	47	53.1
36	48	52.4
36	49	46.8
36	50	62
36	51	54.6
36	52	28.2
36	53	51.5
36	54	45.3
36	55	47.4
36	56	41.4
36	57	37.5
36	58	50.9
36	59	52.5
36	60	49.5
36	61	22.6
36	62	55
36	63	40.1
36	64	21.8
36	65	46.1
36	66	24.9
36	67	34.4
36	68	39.4
36	69	42.3
36	70	25.2
36	71	49.9
36	72	34
36	73	51.9
36	74	13.7
36	75	34.7
36	76	58.5
36	77	35.6
36	78	37.2
36	79	15.1
36	80	52.8
36	81	44.7
36	82	43
36	83	45.5
36	84	56.2
36	85	24.3
36	86	42.8
36	87	47.2
36	88	49.6
36	89	45.1
36	90	38.6
36	91	30.3
36	92	40.7
36	93	45.6
36	94	21.7
36	95	47.7
36	96	38.5
36	97	31.5
36	98	40.8
36	99	35.8
36	100	47.9
36	101	36.4
37	38	8.4
37	39	4.9
37	40	11
37	41	7.7
37	42	8.1
37	43	2.4
37	44	2.5
37	45	3.7
37	46	4.1
37	47	26.4
37	48	25.8
37	49	22.4
37	50	35.2
37	51	31.3
37	52	11.6
37	53	24.6
37	54	18.6
37	55	21.9
37	56	18
37	57	18.2
37	58	24.1
37	59	25.8
37	60	22.8
37	61	24
37	62	31.7
37	63	30.4
37	64	24
37	65	19.9
37	66	22.2
37	67	26.6
37	68	12.7
37	69	17
37	70	5.9
37	71	23.2
37	72	15
37	73	27.3
37	74	19.6
37	75	8.1
37	76	31.7
37	77	26
37	78	10.5
37	79	13.5
37	80	26.3
37	81	18
37	82	16.3
37	83	19.1
37	84	29.7
37	85	5.9
37	86	16.3
37	87	20.7
37	88	22.4
37	89	18.4
37	90	17.1
37	91	3.6
37	92	15.4
37	93	19
37	94	11.8
37	95	21.4
37	96	11.8
37	97	9.8
37	98	14.1
37	99	28.2
37	100	21.1
37	101	10.9
38	39	20
38	40	11.6
38	41	10.3
38	42	5.6
38	43	7.1
38	44	14.8
38	45	15.8
38	46	8.4
38	47	24.9
38	48	32.7
38	49	35.7
38	50	40.6
38	51	44.4
38	52	26.1
38	53	31.6
38	54	27.5
38	55	33.2
38	56	31.3
38	57	31.8
38	58	13.2
38	59	32.7
38	60	25.5
38	61	39.6
38	62	44.7
38	63	42
38	64	38.7
38	65	14.8
38	66	39.1
38	67	38.2
38	68	13.2
38	69	30
38	70	20.4
38	71	24.6
38	72	29.8
38	73	40.4
38	74	34.1
38	75	20
38	76	37.8
38	77	37.5
38	78	22.2
38	79	28
38	80	39.3
38	81	18.6
38	82	12.1
38	83	12
38	84	37.9
38	85	18.7
38	86	8.4
38	87	13.2
38	88	31.3
38	89	21.3
38	90	30.5
38	91	18.4
38	92	28.6
38	93	25.9
38	94	25.4
38	95	13.9
38	96	23.2
38	97	26.6
38	98	19.7
38	99	39.8
38	100	20.1
38	101	29.8
39	40	15
39	41	11.9
39	42	17.7
39	43	7.2
39	44	6.1
39	45	6.1
39	46	8.3
39	47	25.2
39	48	2.1
39	49	18.1
39	50	10.9
39	51	19.2
39	52	35.4
39	53	1.5
39	54	10
39	55	10.2
39	56	20.1
39	57	25.4
39	58	34.8
39	59	1.3
39	60	13.3
39	61	39.8
39	62	19.6
39	63	32.7
39	64	39.9
39	65	25.5
39	66	37.4
39	67	33.8
39	68	21.9
39	69	16.6
39	70	29.7
39	71	15
39	72	28.3
39	73	17.4
39	74	42
39	75	18.9
39	76	8.3
39	77	30.1
39	78	33.2
39	79	43.1
39	80	16.4
39	81	16.5
39	82	25.9
39	83	28.8
39	84	11.4
39	85	30.2
39	86	26.1
39	87	30.4
39	88	8.3
39	89	13.6
39	90	22.6
39	91	28
39	92	22.1
39	93	7
39	94	35.6
39	95	31.2
39	96	14.5
39	97	25.6
39	98	21.1
39	99	36.1
39	100	18.6
39	101	23
40	41	3.7
40	42	6.7
40	43	9.8
40	44	9.9
40	45	9.6
40	46	7.3
40	47	48.4
40	48	39
40	49	24.4
40	50	49.2
40	51	32.2
40	52	39.9
40	53	38
40	54	31.9
40	55	31.6
40	56	22.2
40	57	16.9
40	58	51.2
40	59	39.1
40	60	39.6
40	61	19.9
40	62	32.5
40	63	18.3
40	64	24
40	65	43.2
40	66	18
40	67	9.9
40	68	37
40	69	24.6
40	70	34.1
40	71	40.9
40	72	23
40	73	29.5
40	74	26.1
40	75	31.1
40	76	46.3
40	77	14.7
40	78	37.6
40	79	32.1
40	80	30.6
40	81	36.7
40	82	40.6
40	83	45.6
40	84	36.9
40	85	34.6
40	86	42.9
40	87	47.2
40	88	34.2
40	89	35.4
40	90	18
40	91	30.7
40	92	25.7
40	93	33.1
40	94	35.8
40	95	47.9
40	96	28.5
40	97	21.5
40	98	37.2
40	99	17.3
40	100	40.1
40	101	26.6
41	42	6.7
41	43	8.6
41	44	6.2
41	45	6.2
41	46	6.8
41	47	14.6
41	48	12.6
41	49	18.8
41	50	18.9
41	51	23.9
41	52	28.1
41	53	11.5
41	54	8.8
41	55	13.3
41	56	16.4
41	57	19.9
41	58	24.1
41	59	12.7
41	60	4.1
41	61	34.4
41	62	24.2
41	63	31.3
41	64	34.5
41	65	14.8
41	66	31.9
41	67	28.9
41	68	12.4
41	69	13.5
41	70	22.4
41	71	5.6
41	72	22.9
41	73	19.8
41	74	36.1
41	75	12.8
41	76	16.8
41	77	28.7
41	78	25.9
41	79	30
41	80	18.8
41	81	5.5
41	82	15.1
41	83	18.1
41	84	18.9
41	85	22.9
41	86	15.4
41	87	19.7
41	88	12.2
41	89	1.6
41	90	18.5
41	91	20.7
41	92	16.7
41	93	6.5
41	94	28.3
41	95	20.4
41	96	8.5
41	97	20.1
41	98	12.9
41	99	30.5
41	100	6.3
41	101	17.6
42	43	6.5
42	44	8
42	45	9
42	46	7
42	47	14.9
42	48	14.6
42	49	25
42	50	18
42	51	30.1
42	52	35.5
42	53	12.9
42	54	13.4
42	55	18.6
42	56	23.1
42	57	26.6
42	58	29.5
42	59	13.7
42	60	4.4
42	61	41.2
42	62	30.4
42	63	37.5
42	64	41.2
42	65	20.6
42	66	38.6
42	67	35.7
42	68	17.9
42	69	20.1
42	70	29.7
42	71	6.1
42	72	30.2
42	73	25.1
42	74	43.5
42	75	19.8
42	76	15.9
42	77	35.5
42	78	33.3
42	79	37.4
42	80	25
42	81	11.7
42	82	20.1
42	83	24
42	84	22.1
42	85	30.2
42	86	21.3
42	87	25.4
42	88	17.8
42	89	8.7
42	90	25.2
42	91	28.1
42	92	23.4
42	93	10.8
42	94	35.6
42	95	24.3
42	96	15.4
42	97	26.9
42	98	19.9
42	99	37.3
42	100	11
42	101	24.3
43	44	2.6
43	45	3.8
43	46	2.8
43	47	31.4
43	48	24.5
43	49	15.6
43	50	34.7
43	51	26.2
43	52	22.4
43	53	23.6
43	54	17.5
43	55	16.5
43	56	10.5
43	57	9.1
43	58	33.7
43	59	24.6
43	60	23.9
43	61	17.1
43	62	26.5
43	63	17.3
43	64	17.1
43	65	26.3
43	66	15.4
43	67	13.4
43	68	19.5
43	69	11.4
43	70	16.7
43	71	25.5
43	72	3
43	73	20.4
43	74	19.3
43	75	14.1
43	76	30.8
43	77	12.8
43	78	20.1
43	79	24.3
43	80	21.9
43	81	21.6
43	82	23.1
43	83	28.1
43	84	25.3
43	85	17.1
43	86	25.4
43	87	29.7
43	88	19.7
43	89	20.2
43	90	10.3
43	91	13.2
43	92	9.8
43	93	18.3
43	94	22.6
43	95	30.4
43	96	13.4
43	97	2.5
43	98	19.7
43	99	15.1
43	100	25
43	101	10.7
44	45	1.8
44	46	2.9
44	47	19.9
44	48	27.7
44	49	28.1
44	50	36.5
44	51	37.6
44	52	17.7
44	53	26.6
44	54	22
44	55	26.3
44	56	23.7
44	57	24.2
44	58	14.3
44	59	27.8
44	60	20.8
44	61	32.6
44	62	38
44	63	35.1
44	64	30.8
44	65	11
44	66	31.6
44	67	31.2
44	68	6.8
44	69	22.6
44	70	12.5
44	71	19.6
44	72	22.8
44	73	33.6
44	74	26.2
44	75	13.3
44	76	33.7
44	77	30.6
44	78	15.4
44	79	25.8
44	80	32.6
44	81	13.5
44	82	7
44	83	10.2
44	84	32.5
44	85	11.3
44	86	7.5
44	87	11.8
44	88	25.9
44	89	16.9
44	90	22.9
44	91	11.4
44	92	21
44	93	20.9
44	94	18.5
44	95	12.5
44	96	16.8
44	97	19.2
44	98	13.3
44	99	32.9
44	100	15
44	101	22.2
45	46	2.6
45	47	21.6
45	48	29
45	49	32.4
45	50	37
45	51	39.3
45	52	22.8
45	53	27.9
45	54	23.8
45	55	28.3
45	56	28
45	57	28.5
45	58	10.7
45	59	29.1
45	60	21.9
45	61	36.3
45	62	39.7
45	63	38.8
45	64	35.4
45	65	11.2
45	66	35.8
45	67	34.9
45	68	9.9
45	69	26.8
45	70	17.1
45	71	21.3
45	72	26.5
45	73	35.2
45	74	30.8
45	75	16.7
45	76	34.2
45	77	34.3
45	78	19.5
45	79	24.7
45	80	34.3
45	81	15
45	82	8.8
45	83	7.9
45	84	34.3
45	85	15.5
45	86	4.8
45	87	9.5
45	88	27.7
45	89	17.7
45	90	27.2
45	91	15.1
45	92	25.2
45	93	22.2
45	94	22.6
45	95	10.2
45	96	19.9
45	97	23.3
45	98	16.4
45	99	36.6
45	100	16.8
45	101	26.5
46	47	46.5
46	48	33
46	49	18.1
46	50	46.4
46	51	25.9
46	52	41.7
46	53	33.2
46	54	29
46	55	25
46	56	19.5
46	57	18.8
46	58	53.1
46	59	33.1
46	60	36.3
46	61	23.9
46	62	26.2
46	63	6.5
46	64	28.6
46	65	42.6
46	66	21.4
46	67	15.3
46	68	37
46	69	20.3
46	70	36
46	71	37.8
46	72	24.9
46	73	23.2
46	74	30.7
46	75	30.4
46	76	39.7
46	77	14.4
46	78	39.5
46	79	36.7
46	80	24.3
46	81	35.1
46	82	41
46	83	46
46	84	31.5
46	85	36.5
46	86	43.2
46	87	48.4
46	88	28.7
46	89	32.7
46	90	18.3
46	91	32.6
46	92	26
46	93	29.5
46	94	39.7
46	95	49.4
46	96	27.1
46	97	23.4
46	98	36.1
46	99	23.9
46	100	38
46	101	26.8
47	48	4.8
47	49	2.8
47	50	5.3
47	51	13
47	52	1.7
47	53	3.9
47	54	0.87
47	55	6.6
47	56	6.8
47	57	4.5
47	58	5.4
47	59	2
47	60	3.2
47	61	2.7
47	62	4.5
47	63	6.6
47	64	4.8
47	65	24.3
47	66	37
47	67	34
47	68	21.3
47	69	17.4
47	70	29.3
47	71	12.9
47	72	28
47	73	20.2
47	74	41.7
47	75	18.5
47	76	8.1
47	77	32.2
47	78	32.9
47	79	37
47	80	19.3
47	81	15.3
47	82	25.2
47	83	27.6
47	84	14.9
47	85	29.8
47	86	24.8
47	87	29.2
47	88	11.1
47	89	11.6
47	90	23.6
47	91	27.6
47	92	21.8
47	93	6.7
47	94	35.2
47	95	30.1
47	96	14.2
47	97	25.3
47	98	20.4
47	99	35.7
47	100	16.6
47	101	22.7
48	49	7.4
48	50	6.9
48	51	9.2
48	52	4.6
48	53	8.5
48	54	6.8
48	55	8.3
48	56	8
48	57	1.7
48	58	4.2
48	59	3
48	60	2
48	61	2.4
48	62	5.6
48	63	4.1
48	64	4.8
48	65	14.7
48	66	44.6
48	67	41.6
48	68	13.9
48	69	26.9
48	70	29.6
48	71	12.1
48	72	34.2
48	73	34.7
48	74	43.3
48	75	20.1
48	76	29.9
48	77	41
48	78	33.2
48	79	37.2
48	80	33.7
48	81	12.2
48	82	15.6
48	83	18.5
48	84	33.3
48	85	30.1
48	86	15.8
48	87	16.3
48	88	26.7
48	89	14.2
48	90	30.3
48	91	27.9
48	92	26.6
48	93	21
48	94	35.5
48	95	15.2
48	96	19.9
48	97	32
48	98	17.8
48	99	43.3
48	100	11.2
48	101	27.8
49	50	4.3
49	51	9.7
49	52	3.8
49	53	5.7
49	54	3.8
49	55	6.7
49	56	4.3
49	57	6.8
49	58	7.4
49	59	4.3
49	60	5.5
49	61	4.9
49	62	5.1
49	63	8.9
49	64	6
49	65	27.5
49	66	12.9
49	67	17.3
49	68	20.5
49	69	11.6
49	70	14.8
49	71	25.8
49	72	5.6
49	73	20.6
49	74	16.8
49	75	14.3
49	76	31
49	77	16.6
49	78	18.3
49	79	26.1
49	80	22.1
49	81	21.8
49	82	24.1
49	83	28
49	84	25.5
49	85	15.3
49	86	25.2
49	87	29.6
49	88	19.9
49	89	20.4
49	90	8.5
49	91	11.4
49	92	10
49	93	18.5
49	94	20.7
49	95	30.3
49	96	13.6
49	97	1
49	98	21
49	99	18.9
49	100	25.2
49	101	5.7
50	51	5.9
50	52	6.3
50	53	8.2
50	54	6.5
50	55	3.8
50	56	2
50	57	8.2
50	58	10.8
50	59	6.3
50	60	7
50	61	6.5
50	62	1.7
50	63	11
50	64	2.7
50	65	18.3
50	66	34.1
50	67	33.7
50	68	14.2
50	69	25.7
50	70	14.9
50	71	26.8
50	72	25.2
50	73	36.1
50	74	27.6
50	75	16.7
50	76	38.6
50	77	33
50	78	13.4
50	79	21.5
50	80	35
50	81	20.8
50	82	14.3
50	83	13.8
50	84	36.7
50	85	13.7
50	86	12.6
50	87	17.4
50	88	30
50	89	24.2
50	90	26.1
50	91	13.9
50	92	24.1
50	93	25.8
50	94	16.5
50	95	18.1
50	96	20.4
50	97	21.6
50	98	18.1
50	99	35.3
50	100	22.3
50	101	25.4
51	52	14.6
51	53	16.8
51	54	15
51	55	5.7
51	56	10.1
51	57	11.4
51	58	13.8
51	59	11.9
51	60	11
51	61	11.4
51	62	6.7
51	63	13.8
51	64	6
51	65	12.5
51	66	42.4
51	67	39.4
51	68	11.7
51	69	24.7
51	70	27.4
51	71	10.8
51	72	32
51	73	32.5
51	74	41.1
51	75	18
51	76	27.8
51	77	38.8
51	78	31
51	79	35
51	80	31.5
51	81	10
51	82	13.4
51	83	16.3
51	84	31.1
51	85	27.9
51	86	13.6
51	87	14.4
51	88	24.5
51	89	12
51	90	28.1
51	91	25.7
51	92	24.4
51	93	18.8
51	94	33.3
51	95	13.3
51	96	17.7
51	97	29.8
51	98	15.7
51	99	41.1
51	100	9.1
51	101	25.6
52	53	3.9
52	54	2.3
52	55	7.6
52	56	7.9
52	57	4.7
52	58	4.2
52	59	1.8
52	60	3.4
52	61	2.4
52	62	5.4
52	63	5.3
52	64	4.6
52	65	30.3
52	66	28.9
52	67	23.2
52	68	26
52	69	13.7
52	70	32.2
52	71	23.2
52	72	26.2
52	73	3.2
52	74	38.7
52	75	21.9
52	76	18.1
52	77	20.2
52	78	35.8
52	79	40.3
52	80	2.3
52	81	21.3
52	82	30
52	83	33.7
52	84	8.9
52	85	32.7
52	86	30.9
52	87	35.3
52	88	9.6
52	89	18.7
52	90	15
52	91	30.9
52	92	19.4
52	93	14.3
52	94	38.1
52	95	36
52	96	17.5
52	97	22.2
52	98	24.9
52	99	28.6
52	100	24
52	101	20.3
53	54	2.7
53	55	10
53	56	10.3
53	57	5.5
53	58	3.8
53	59	5.3
53	60	5.1
53	61	5.4
53	62	7.7
53	63	6.1
53	64	8.1
53	65	20.3
53	66	29
53	67	26.1
53	68	15.9
53	69	9.5
53	70	22.2
53	71	13.6
53	72	20.6
53	73	12.8
53	74	34.3
53	75	11.4
53	76	16
53	77	24.3
53	78	25.8
53	79	29.9
53	80	11.8
53	81	11.5
53	82	19.9
53	83	23.6
53	84	11.8
53	85	22.7
53	86	20.9
53	87	25.2
53	88	5.5
53	89	9
53	90	15.8
53	91	20.6
53	92	13.9
53	93	4.3
53	94	28.2
53	95	25.9
53	96	7.1
53	97	17.8
53	98	14.8
53	99	27.7
53	100	14.3
53	101	14.8
54	55	6.9
54	56	7.7
54	57	4.9
54	58	4.4
54	59	2
54	60	4.6
54	61	2.7
54	62	5.7
54	63	5.6
54	64	4.8
54	65	21.1
54	66	21
54	67	25.3
54	68	12.9
54	69	14.8
54	70	8.1
54	71	23.2
54	72	13.7
54	73	25.1
54	74	21.9
54	75	7.2
54	76	30.3
54	77	24.7
54	78	11.6
54	79	21.6
54	80	24.1
54	81	17.4
54	82	16.6
54	83	21.2
54	84	27.4
54	85	8.6
54	86	18.5
54	87	22.8
54	88	21
54	89	18.4
54	90	15.4
54	91	4.7
54	92	8.3
54	93	17.6
54	94	14
54	95	23.6
54	96	10.6
54	97	8.5
54	98	14.1
54	99	27
54	100	20.8
54	101	9.6
55	56	3.5
55	57	9.1
55	58	11
55	59	6.6
55	60	7.8
55	61	7.2
55	62	2.2
55	63	11.2
55	64	2.8
55	65	28.7
55	66	18.7
55	67	23.1
55	68	20.6
55	69	17
55	70	14.9
55	71	30.4
55	72	11.4
55	73	26
55	74	22.6
55	75	14.4
55	76	36.3
55	77	22.4
55	78	18.4
55	79	22.6
55	80	27.5
55	81	25.2
55	82	24.2
55	83	28
55	84	30.9
55	85	15.4
55	86	25.3
55	87	29.6
55	88	25.3
55	89	25.6
55	90	13.9
55	91	11.5
55	92	10.8
55	93	23.9
55	94	20.8
55	95	30.4
55	96	17.8
55	97	6.2
55	98	21.3
55	99	24.7
55	100	28.3
55	101	7.4
56	57	9.5
56	58	11.9
56	59	7.5
56	60	8.2
56	61	7.6
56	62	2.8
56	63	12.2
56	64	3.8
56	65	10.3
56	66	40.2
56	67	37.3
56	68	9.6
56	69	22.5
56	70	25.2
56	71	11.9
56	72	29.8
56	73	30.3
56	74	39
56	75	15.8
56	76	26.5
56	77	36.6
56	78	28.8
56	79	32.9
56	80	29.4
56	81	7.8
56	82	11.2
56	83	14.2
56	84	29
56	85	25.7
56	86	11.4
56	87	12.2
56	88	22.3
56	89	9.8
56	90	26
56	91	23.6
56	92	22.2
56	93	16.6
56	94	31.1
56	95	11.1
56	96	15.5
56	97	27.6
56	98	13.5
56	99	38.9
56	100	6.9
56	101	23.5
57	58	3.8
57	59	2.9
57	60	1.8
57	61	2.1
57	62	7.2
57	63	2.5
57	64	6.3
57	65	10.5
57	66	32.2
57	67	29.2
57	68	4.9
57	69	14.8
57	70	16.1
57	71	13.3
57	72	21.7
57	73	24.4
57	74	29.9
57	75	6.7
57	76	24.6
57	77	28.6
57	78	19.7
57	79	23.8
57	80	23.5
57	81	7.3
57	82	8.9
57	83	13.8
57	84	23.5
57	85	16.6
57	86	11.1
57	87	15.4
57	88	16.9
57	89	9.3
57	90	17.9
57	91	14.4
57	92	14.2
57	93	11.9
57	94	22
57	95	16.1
57	96	7.8
57	97	19.6
57	98	4.7
57	99	30.9
57	100	9.9
57	101	15.4
58	59	4.2
58	60	3.7
58	61	4.8
58	62	9.1
58	63	3.8
58	64	8.2
58	65	31.8
58	66	17.7
58	67	12
58	68	26.2
58	69	9.5
58	70	27.4
58	71	27
58	72	16.2
58	73	12.6
58	74	27.2
58	75	19.6
58	76	28.9
58	77	9
58	78	30.8
58	79	33.2
58	80	13.7
58	81	24.2
58	82	30.2
58	83	35.1
58	84	19.7
58	85	27.9
58	86	32.4
58	87	36.7
58	88	17.8
58	89	21.9
58	90	7.3
58	91	23.9
58	92	15
58	93	18.7
58	94	33.3
58	95	37.4
58	96	16.2
58	97	13.7
58	98	25.2
58	99	17.4
58	100	27.2
58	101	15.8
59	60	1.7
59	61	1.1
59	62	4.9
59	63	5.1
59	64	4
59	65	36
59	66	29.2
59	67	23.5
59	68	32.3
59	69	17.6
59	70	36.1
59	71	28.8
59	72	27.7
59	73	6.2
59	74	38.7
59	75	25.7
59	76	19.9
59	77	20.5
59	78	39.7
59	79	48.3
59	80	6.9
59	81	27
59	82	35.7
59	83	39.3
59	84	13.6
59	85	36.6
59	86	36.6
59	87	40.9
59	88	15.3
59	89	24.3
59	90	19
59	91	34.8
59	92	23.3
59	93	20
59	94	42
59	95	41.6
59	96	22.3
59	97	26.2
59	98	31.4
59	99	28.9
59	100	29.6
59	101	24.2
60	61	0.83
60	62	5.5
60	63	4.6
60	64	4.6
60	65	33.4
60	66	26.5
60	67	20.7
60	68	29.8
60	69	13.6
60	70	33.1
60	71	26.3
60	72	25
60	73	2.3
60	74	36
60	75	23.2
60	76	20.9
60	77	17.8
60	78	37.1
60	79	40.8
60	80	4.3
60	81	24.4
60	82	33.1
60	83	36.7
60	84	12
60	85	33.6
60	86	34
60	87	38.3
60	88	12.7
60	89	21.8
60	90	15.5
60	91	30.4
60	92	20.7
60	93	17.4
60	94	39
60	95	39.1
60	96	19.7
60	97	22.7
60	98	28.8
60	99	26.2
60	100	27.1
60	101	20.8
61	62	5.3
61	63	4.7
61	64	4.4
61	65	27.9
61	66	22.1
61	67	18.3
61	68	22.3
61	69	6.9
61	70	23.7
61	71	24.9
61	72	16.6
61	73	13.9
61	74	30.3
61	75	15.7
61	76	28
61	77	15.4
61	78	27.3
61	79	31.4
61	80	15.4
61	81	20.7
61	82	26.3
61	83	31.2
61	84	18.8
61	85	24.2
61	86	28.5
61	87	32.8
61	88	16.5
61	89	19.5
61	90	7.1
61	91	21
61	92	11.9
61	93	16.7
61	94	29.7
61	95	33.5
61	96	12.5
61	97	13.8
61	98	21.3
61	99	20.8
61	100	24.2
61	101	12.8
62	63	9.8
62	64	1.4
62	65	37.2
62	66	48.7
62	67	41.6
62	68	34.2
62	69	27.5
62	70	42.2
62	71	25.2
62	72	39.8
62	73	23.2
62	74	54.3
62	75	31.4
62	76	7.6
62	77	38.6
62	78	45.8
62	79	50.1
62	80	21.6
62	81	28.2
62	82	38.1
62	83	40.5
62	84	15.6
62	85	42.7
62	86	37.7
62	87	42.1
62	88	19.3
62	89	24.5
62	90	33.7
62	91	40.5
62	92	33
62	93	20
62	94	48.1
62	95	42.3
62	96	27.1
62	97	37
62	98	33.3
62	99	47.4
62	100	29.1
62	101	33.9
63	64	8.9
63	65	39.5
63	66	19.4
63	67	13.4
63	68	33.9
63	69	17.2
63	70	32.9
63	71	34.6
63	72	21.8
63	73	19.2
63	74	28.8
63	75	27.3
63	76	35.9
63	77	12.5
63	78	36.4
63	79	34.8
63	80	20.4
63	81	31.9
63	82	37.9
63	83	42.8
63	84	27.5
63	85	33.4
63	86	40.1
63	87	45.3
63	88	25.5
63	89	29.6
63	90	15.1
63	91	29.4
63	92	22.8
63	93	26.4
63	94	38.8
63	95	46
63	96	23.9
63	97	20.2
63	98	32.9
63	99	23
63	100	34.9
63	101	23.7
64	65	29.6
64	66	12.9
64	67	24.2
64	68	22.7
64	69	27
64	70	7.4
64	71	33.2
64	72	25.2
64	73	37.2
64	74	22.5
64	75	18.1
64	76	41.8
64	77	25.4
64	78	20.6
64	79	22.2
64	80	37.8
64	81	28
64	82	26.4
64	83	28.8
64	84	39.6
64	85	10.5
64	86	26
64	87	30.4
64	88	32.4
64	89	28.4
64	90	27.2
64	91	13.6
64	92	25.4
64	93	29
64	94	14.7
64	95	31.2
64	96	21.9
64	97	20
64	98	24.1
64	99	35.3
64	100	31.2
64	101	21.2
65	66	1.5
65	67	4.4
65	68	10.9
65	69	11.6
65	70	10.7
65	71	12.2
65	72	31.9
65	73	22.6
65	74	28.9
65	75	5.3
65	76	40.6
65	77	18.1
65	78	22.8
65	79	23.2
65	80	22.8
65	81	43.2
65	82	41.5
65	83	1.3
65	84	24.6
65	85	30.5
65	86	5.5
65	87	24
65	88	1.4
65	89	35.9
65	90	6.3
65	91	4.7
65	92	29.1
65	93	18.2
65	94	46.3
65	95	41
65	96	24.7
65	97	33.1
65	98	32.2
65	99	43.4
65	100	27.8
65	101	30
66	67	5.4
66	68	11.9
66	69	12.6
66	70	11.7
66	71	13.1
66	72	29.1
66	73	23.5
66	74	25.1
66	75	5.2
66	76	41
66	77	19.9
66	78	25.3
66	79	24.1
66	80	23.7
66	81	42.9
66	82	42.5
66	83	2.3
66	84	25
66	85	27.7
66	86	6.4
66	87	24.9
66	88	1.3
66	89	14.9
66	90	6.7
66	91	5.6
66	92	29.4
66	93	37.5
66	94	13.5
66	95	39.4
66	96	30.3
66	97	20.2
66	98	32.6
66	99	24.5
66	100	39.6
66	101	25.1
67	68	10
67	69	10.7
67	70	11.5
67	71	11.2
67	72	32.7
67	73	21.6
67	74	21
67	75	7.5
67	76	39.1
67	77	18
67	78	23.5
67	79	22.2
67	80	21.9
67	81	43.3
67	82	42.3
67	83	3.5
67	84	25.4
67	85	31.3
67	86	4.9
67	87	23.1
67	88	4.8
67	89	14.8
67	90	5.3
67	91	4.2
67	92	21.3
67	93	11.6
67	94	31.3
67	95	18.4
67	96	11.9
67	97	24.6
67	98	15.1
67	99	35.5
67	100	5
67	101	22.3
68	69	1.1
68	70	18.3
68	71	1.6
68	72	26.9
68	73	18.8
68	74	25.6
68	75	7.2
68	76	33.8
68	77	15.2
68	78	18.1
68	79	1.1
68	80	16.5
68	81	36.9
68	82	35.2
68	83	10.3
68	84	32.9
68	85	25.5
68	86	9.2
68	87	16.2
68	88	12.6
68	89	21.6
68	90	9.9
68	91	8.4
68	92	11.4
68	93	7.8
68	94	30.8
68	95	28.6
68	96	8.2
68	97	15.4
68	98	17.4
68	99	25.4
68	100	16.9
68	101	12.3
69	70	21.3
69	71	3.7
69	72	26.7
69	73	21.8
69	74	28.6
69	75	7
69	76	31.9
69	77	18.2
69	78	19.1
69	79	12.7
69	80	14.7
69	81	35.3
69	82	35.6
69	83	13.3
69	84	30.8
69	85	25.3
69	86	10.5
69	87	21.5
69	88	10.06
69	89	24.6
69	90	9.7
69	91	11.4
69	92	7.4
69	93	8.5
69	94	26
69	95	26.2
69	96	3.9
69	97	11.4
69	98	13.9
69	99	21.2
69	100	15.6
69	101	8.3
70	71	18.5
70	72	32.3
70	73	28.9
70	74	23.2
70	75	15.9
70	76	45.2
70	77	26.3
70	78	32.4
70	79	28.4
70	80	28
70	81	46.4
70	82	46.6
70	83	9.1
70	84	15.9
70	85	30.9
70	86	12.9
70	87	30.4
70	88	14
70	89	8.3
70	90	13.6
70	91	12.1
70	92	27.1
70	93	19.9
70	94	36
70	95	15.1
70	96	20.4
70	97	32.4
70	98	18.3
70	99	43.7
70	100	9.3
70	101	28.3
71	72	27.7
71	73	15.5
71	74	26.9
71	75	8.1
71	76	34
71	77	14.1
71	78	18.3
71	79	17.1
71	80	16.7
71	81	37.3
71	82	35.4
71	83	11.5
71	84	34.1
71	85	26.4
71	86	10.4
71	87	16.3
71	88	13.8
71	89	22.8
71	90	10.7
71	91	9.6
71	92	27
71	93	20.2
71	94	45.4
71	95	41.8
71	96	23.2
71	97	31
71	98	30.8
71	99	37.8
71	100	29.8
71	101	27.9
72	73	37.2
72	74	52.5
72	75	24.7
72	76	41.1
72	77	47.2
72	78	34
72	79	30
72	80	29.6
72	81	39.6
72	82	37.8
72	83	31.9
72	84	11.6
72	85	3.7
72	86	35.7
72	87	36.4
72	88	32.7
72	89	37.5
72	90	36.3
72	91	34.9
72	92	26.3
72	93	34.8
72	94	11.9
72	95	37.7
72	96	28.7
72	97	17.1
72	98	31
72	99	21.4
72	100	37.9
72	101	21.9
73	74	20.6
73	75	27.2
73	76	27.5
73	77	13.8
73	78	14.5
73	79	14.5
73	80	17.5
73	81	35.2
73	82	28.9
73	83	22.1
73	84	41.2
73	85	35.8
73	86	21
73	87	6.8
73	88	24.4
73	89	33.4
73	90	21.3
73	91	20.2
73	92	12.5
73	93	9.9
73	94	31.2
73	95	30.8
73	96	10.1
73	97	16.5
73	98	19.6
73	99	25.6
73	100	19.1
73	101	13.4
74	75	24.9
74	76	45.3
74	77	8.5
74	78	35.7
74	79	32.7
74	80	32.4
74	81	53
74	82	46.8
74	83	22.9
74	84	37.3
74	85	46.7
74	86	16.8
74	87	29.1
74	88	23.8
74	89	16.5
74	90	16.3
74	91	20.2
74	92	14.4
74	93	10.9
74	94	22.4
74	95	15.9
74	96	7.8
74	97	19.8
74	98	5.1
74	99	31.1
74	100	8.7
74	101	15.6
75	76	36.6
75	77	20.9
75	78	23.8
75	79	19.8
75	80	24
75	81	37.8
75	82	42
75	83	5.8
75	84	23.9
75	85	22.3
75	86	9.5
75	87	26.2
75	88	4.7
75	89	20.3
75	90	10.3
75	91	9.9
75	92	16.4
75	93	6.3
75	94	28
75	95	20.2
75	96	8.2
75	97	19.9
75	98	12.7
75	99	30.3
75	100	6.7
75	101	17.3
76	77	38.6
76	78	16.5
76	79	18.6
76	80	14.3
76	81	8
76	82	1.8
76	83	42.9
76	84	41.9
76	85	36.6
76	86	38
76	87	15
76	88	43.7
76	89	48.6
76	90	38.4
76	91	37.3
76	92	11
76	93	21.8
76	94	17.9
76	95	27.4
76	96	14.9
76	97	6.4
76	98	18.4
76	99	24.9
76	100	25
76	101	7.6
77	78	30
77	79	25.2
77	80	24.8
77	81	47.3
77	82	41
77	83	16.8
77	84	40.9
77	85	43.3
77	86	11.9
77	87	23.3
77	88	19.1
77	89	20
77	90	12.6
77	91	14.9
77	92	12.4
77	93	5.1
77	94	28
77	95	26.3
77	96	6.9
77	97	16.4
77	98	15.2
77	99	26.3
77	100	14.7
77	101	13.3
78	79	3.7
78	80	2.4
78	81	22.5
78	82	18.9
78	83	24.4
78	84	34.7
78	85	29.2
78	86	22.9
78	87	10.8
78	88	28.7
78	89	33.5
78	90	23.5
78	91	22.1
78	92	13.5
78	93	22
78	94	22.4
78	95	33.7
78	96	17
78	97	4.3
78	98	24.5
78	99	20
78	100	28.7
78	101	9.2
79	80	1.9
79	81	16.7
79	82	35.6
79	83	26.5
79	84	33.4
79	85	27.9
79	86	21.6
79	87	15.1
79	88	27.4
79	89	43.2
79	90	22.2
79	91	20.8
79	92	18
79	93	5.1
79	94	30.8
79	95	23.7
79	96	10
79	97	21.4
79	98	15.4
79	99	31.9
79	100	9.9
79	101	18.9
80	81	15.6
80	82	14.6
80	83	25.9
80	84	32.7
80	85	27.3
80	86	20.9
80	87	14.5
80	88	26.7
80	89	42.1
80	90	21.6
80	91	20.1
80	92	27.6
80	93	37
80	94	13.1
80	95	39
80	96	29.9
80	97	18.4
80	98	32.2
80	99	22.7
80	100	39.2
80	101	23.3
81	82	5
81	83	46.2
81	84	44.9
81	85	39.6
81	86	42.3
81	87	21.7
81	88	44.1
81	89	63.5
81	90	42.9
81	91	41.5
81	92	10.3
81	93	14.6
81	94	28
81	95	31.9
81	96	10.9
81	97	11.9
81	98	19.7
81	99	17.6
81	100	22.6
81	101	11.2
82	83	28.4
82	84	50.9
82	85	51.2
82	86	27.3
82	87	23.1
82	88	30.6
82	89	37.7
82	90	27.5
82	91	26.5
82	92	25.5
82	93	14.6
82	94	35.9
82	95	22.3
82	96	16.1
82	97	28.9
82	98	19.7
82	99	39.1
82	100	9.1
82	101	26.1
83	84	24.6
83	85	30.5
83	86	4.6
83	87	24
83	88	1.7
83	89	39
83	90	5.3
83	91	3.8
83	92	18.9
83	93	7.7
83	94	35.6
83	95	31.9
83	96	13.9
83	97	22.9
83	98	20.8
83	99	32.9
83	100	19.6
83	101	19.8
84	85	13.7
84	86	26.7
84	87	40.1
84	88	18.8
84	89	50.9
84	90	27
84	91	26
84	92	14.2
84	93	13.9
84	94	32.1
84	95	33.8
84	96	13
84	97	16.3
84	98	22.2
84	99	23.2
84	100	22.5
84	101	15
85	86	34.3
85	87	35.1
85	88	31.3
85	89	57.6
85	90	35
85	91	33.9
85	92	16.7
85	93	9.9
85	94	34.3
85	95	31.6
85	96	13
85	97	20.6
85	98	20.6
85	99	30.6
85	100	19.6
85	101	17.5
86	87	24.2
86	88	6.2
86	89	29.3
86	90	1.1
86	91	1.8
86	92	24.1
86	93	27.6
86	94	40.1
86	95	47.5
86	96	25.2
86	97	21.5
86	98	34.2
86	99	23
86	100	36.1
86	101	25
87	88	26.5
87	89	36.9
87	90	23.8
87	91	22.3
87	92	30.8
87	93	34.3
87	94	10.4
87	95	36.2
87	96	27.2
87	97	24.1
87	98	29.5
87	99	28.4
87	100	36.5
87	101	26.5
88	89	34.7
88	90	6.3
88	91	5.2
88	92	24
88	93	21
88	94	23.1
88	95	9
88	96	18.8
88	97	23.8
88	98	15.3
88	99	37.1
88	100	15.7
88	101	25.3
89	90	24.9
89	91	30.4
89	92	19.9
89	93	9.2
89	94	30.2
89	95	19.3
89	96	10.5
89	97	23.2
89	98	14
89	99	33.5
89	100	5.5
89	101	20.8
90	91	2.3
90	92	23
90	93	31.5
90	94	15.4
90	95	41.3
90	96	26.6
90	97	13.9
90	98	34.5
90	99	17.1
90	100	38.3
90	101	18.7
91	92	6.2
91	93	12.3
91	94	20.1
91	95	23.1
91	96	5
91	97	11.6
91	98	10.5
91	99	22.8
91	100	16.9
91	101	7.4
92	93	9.2
92	94	20.7
92	95	34
92	96	36.7
92	97	39
92	98	40.9
92	99	45.8
92	100	48.3
92	101	32.6
93	94	28.4
93	95	41.3
93	96	35.3
93	97	46.3
93	98	48.8
93	99	58.4
93	100	60.9
93	101	38.7
94	95	19.9
94	96	40.5
94	97	24.7
94	98	26.6
94	99	31.5
94	100	34
94	101	26.8
95	96	40.4
95	97	9.8
95	98	10
95	99	16.5
95	100	24.1
95	101	16.7
96	97	36.6
96	98	44.3
96	99	33.4
96	100	36
96	101	26.9
97	98	4.6
97	99	8.3
97	100	14.5
97	101	12.6
98	99	10.9
98	100	18
98	101	16.5
99	100	6.6
99	101	20.2
100	101	18.9	
