//Instance:	Sha13.xls
13 0
//Class:	b
//	64	---	number	of	customers	(depot	not	included) 
//	19	---	number	of	vehicles	(lower	bound) 
//	234	---	number	of	box types
//	1494	---	number	of	items
64 19 234 1494
//	Capacity (kg)	-	height	-	width	-	length	of	vehicles	(cm)
//	15000		240		240		860
15000 249 249 860
//	Node - number of box types - h - w - l - number of box - fragility for each item - weight
0	0
1	1
110	60	145	1	0	1
2	6
105	70	128	1	0	1
110	70	128	4	0	1
150	110	120	1	0	1
15	40	60	4	0	1
170	62	100	2	0	1
69	90	128	4	0	1
3	1
15	20	30	2	0	1
4	1
130	80	320	2	0	1
5	2
20	27	39	8	0	1
29	32	49	6	0	1
6	6
126	60	145	1	0	1
19	37	53	1	1	1
28	27	42	1	1	1
31	31	59	1	1	1
37	53	70	1	1	1
9	21	32	2	0	1
7	3
136	96	104	1	0	1
18	29	29	1	1	1
24	29	51	2	0	1
8	1
27	43	62	2	0	1
9	1
20	23	30	30	0	1
10	6
14	31	43	3	0	1
14	43	62	4	0	1
18	26	40	1	1	1
22	41	42	2	0	1
22	41	47	2	0	1
24	43	64	2	0	1
11	1
14	31	43	8	0	1
12	1
69	90	128	36	0	1
13	1
14	43	62	2	0	1
14	9
105	100	128	1	0	1
105	100	140	6	0	1
105	70	128	3	0	1
105	76	128	8	0	1
110	70	128	11	0	1
110	70	135	2	0	1
118	70	116	4	0	1
118	85	116	2	0	1
86	70	124	1	0	1
15	5
14	31	43	1	1	1
14	43	62	1	1	1
27	31	43	1	1	1
48	88	120	2	0	1
48	90	128	1	0	1
16	4
27	43	62	1	1	1
43	93	120	1	0	1
46	69	126	1	0	1
46	70	128	1	0	1
17	13
105	95	140	1	0	1
111	70	128	1	0	1
115	100	145	4	0	1
116	80	145	1	0	1
120	100	160	1	0	1
120	95	145	1	0	1
129	100	136	1	0	1
129	100	145	1	0	1
129	105	148	1	0	1
13	30	40	2	0	1
145	100	150	4	0	1
28	40	60	5	0	1
79	100	171	1	0	1
18	3
14	22	31	3	0	1
30	20	20	1	1	1
32	32	38	30	0	1
19	2
10	17	32	2	0	1
76	96	136	7	0	1
20	3
110	60	145	1	0	1
128	60	145	1	0	1
150	85	145	2	0	1
21	22
105	70	128	2	0	1
13	25	35	1	1	1
14	31	43	5	0	1
14	43	62	3	0	1
15	30	40	1	1	1
15	40	60	2	0	1
16	30	56	1	1	1
17	38	52	2	0	1
18	22	31	3	0	1
19	18	29	1	1	1
24	40	40	3	0	1
25	22	31	1	0	1
25	31	41	8	0	1
26	35	39	1	1	1
27	43	62	4	0	1
28	40	60	8	0	1
30	27	45	1	1	1
34	35	35	1	1	1
40	36	62	1	1	1
46	68	120	2	0	1
56	82	120	1	0	1
69	90	128	1	0	1
22	9
105	107	147	3	0	1
110	112	147	2	0	1
112	107	131	1	0	1
115	77	110	1	0	1
117	100	140	4	0	1
124	95	168	2	0	1
128	95	168	2	0	1
129	105	148	1	0	1
98	90	135	1	0	1
23	4
105	70	128	12	0	1
110	70	128	4	0	1
112	80	128	1	0	1
36	82	118	2	0	1
24	3
105	70	128	1	0	1
110	60	145	5	0	1
131	85	140	1	0	1
25	3
14	43	62	7	0	1
76	100	110	5	0	1
76	103	149	24	0	1
26	1
69	90	128	1	0	1
27	7
105	70	128	1	0	1
13	12	22	2	0	1
13	24	35	2	0	1
21	28	42	7	0	1
23	37	68	2	0	1
69	90	128	4	0	1
95	65	128	2	0	1
28	20
10	51	72	2	0	1
14	43	62	3	0	1
15	31	83	1	1	1
17	30	99	2	0	1
20	31	67	2	0	1
20	32	82	1	1	1
20	40	60	10	0	1
21	30	41	3	0	1
25	40	65	1	1	1
27	43	62	6	0	1
28	40	60	6	0	1
39	36	69	1	1	1
65	100	145	4	0	1
69	90	128	5	0	1
73	115	140	2	0	1
78	110	128	3	0	1
78	85	125	4	0	1
7	51	71	2	0	1
8	50	92	2	0	1
94	72	130	4	0	1
29	1
27	20	30	1	1	1
30	14
105	70	128	4	0	1
110	70	200	6	0	1
110	90	146	1	0	1
128	60	146	1	0	1
15	40	60	2	0	1
17	38	52	4	0	1
28	40	60	15	0	1
37	35	44	4	0	1
40	61	75	1	1	1
45	36	69	1	1	1
45	41	64	3	0	1
69	119	152	1	0	1
69	90	128	1	0	1
82	118	140	1	0	1
31	14
105	150	200	2	0	1
10	10	10	1	1	1
165	180	215	4	0	1
26	43	62	3	0	1
65	130	160	1	0	1
75	113	145	1	0	1
80	110	140	1	0	1
80	113	140	15	0	1
80	113	143	4	0	1
80	114	140	2	0	1
82	156	188	1	0	1
83	118	143	1	0	1
83	130	160	1	0	1
85	133	206	33	0	1
32	2
150	65	122	2	0	1
76	96	136	1	0	1
33	4
110	60	145	1	0	1
114	58	145	1	0	1
21	28	42	5	0	1
69	90	128	4	0	1
34	1
119	60	145	32	0	1
35	1
150	101	114	1	0	1
36	7
105	70	128	4	0	1
110	70	128	1	0	1
110	70	129	4	0	1
32	80	110	1	0	1
45	56	56	1	1	1
69	90	128	1	0	1
76	80	126	1	0	1
37	4
10	26	22	1	1	1
14	31	43	4	0	1
21	61	32	2	0	1
29	28	26	2	0	1
38	8
110	70	128	2	0	1
27	43	62	1	1	1
68	115	122	18	0	1
68	90	128	14	0	1
69	115	122	4	0	1
69	116	128	16	0	1
69	90	128	7	0	1
70	90	128	1	0	1
39	3
17	38	52	4	0	1
9	21	32	3	0	1
9	26	36	1	0	1
40	1
155	100	160	1	0	1
41	1
68	90	120	1	0	1
42	2
107	60	145	2	0	1
115	60	145	1	0	1
43	3
16	36	47	55	0	1
20	29	34	1	1	1
69	90	128	3	0	1
44	14
110	60	145	3	0	1
119	60	145	2	0	1
126	60	145	2	0	1
129	60	145	1	0	1
165	98	305	3	0	1
17	30	60	1	1	1
17	38	52	1	1	1
18	22	35	2	0	1
21	23	31	1	1	1
25	18	38	1	1	1
25	90	128	1	0	1
27	31	43	2	0	1
28	35	90	2	0	1
69	90	128	13	0	1
45	2
14	31	43	2	0	1
49	90	128	4	0	1
46	10
130	60	145	1	0	1
14	31	43	4	0	1
15	18	32	1	1	1
17	21	34	1	1	1
19	20	33	12	0	1
32	22	30	1	1	1
69	90	128	3	0	1
73	95	150	2	0	1
76	113	140	1	0	1
87	115	140	1	0	1
47	1
69	90	128	4	0	1
48	5
105	89	133	55	0	1
105	90	128	4	0	1
110	70	128	2	0	1
110	89	133	3	0	1
125	89	133	10	0	1
49	3
110	70	128	2	0	1
112	100	150	1	0	1
115	89	133	1	0	1
50	13
100	110	145	2	0	1
110	100	145	2	0	1
11	24	33	1	1	1
123	90	134	2	0	1
14	43	62	1	1	1
15	30	40	2	0	1
15	40	60	1	1	1
160	73	160	2	0	1
18	25	25	3	0	1
27	31	43	3	0	1
27	43	62	1	1	1
28	40	60	1	1	1
68	90	128	3	0	1
51	2
110	70	128	52	0	1
123	89	133	56	0	1
52	5
10	10	10	1	1	1
14	22	31	2	0	1
14	43	62	5	0	1
15	40	60	4	0	1
27	43	62	7	0	1
53	9
14	43	62	2	0	1
16	20	20	1	1	1
21	22	35	1	1	1
24	34	34	1	1	1
26	22	47	2	0	1
30	24	34	1	1	1
60	110	150	1	0	1
6	19	29	1	1	1
70	90	128	2	0	1
54	1
30	30	40	2	0	1
55	1
105	70	128	1	0	1
56	1
27	44	78	1	0	1
57	21
100	70	128	2	0	1
110	60	145	2	0	1
14	43	62	17	0	1
15	40	60	3	0	1
16	35	46	3	0	1
17	38	52	6	0	1
24	42	55	1	1	1
27	43	62	38	0	1
28	40	60	1	1	1
33	43	62	1	1	1
34	43	62	1	1	1
36	82	122	2	0	1
47	60	78	1	1	1
48	82	122	2	0	1
53	80	120	1	0	1
55	82	122	1	0	1
55	83	126	6	0	1
56	82	122	1	0	1
60	86	129	2	0	1
62	81	122	1	0	1
69	90	128	1	0	1
58	1
69	90	128	1	0	1
59	10
150	110	120	1	0	1
24	34	52	2	0	1
26	34	52	1	1	1
30	29	45	4	0	1
36	38	51	5	0	1
3	34	52	1	1	1
49	90	128	4	0	1
69	90	128	4	0	1
78	90	128	5	0	1
80	90	110	1	0	1
60	1
26	30	40	3	0	1
61	8
14	43	62	2	0	1
27	31	43	1	1	1
27	43	62	6	0	1
49	90	128	1	0	1
67	120	114	1	0	1
69	90	128	7	0	1
77	90	142	1	0	1
78	93	134	2	0	1
62	2
145	85	120	2	0	1
155	85	130	2	0	1
63	18
10	10	10	1	1	1
110	80	128	3	0	1
13	22	31	3	0	1
145	96	120	1	0	1
14	22	31	43	0	1
14	31	43	72	0	1
14	43	62	9	0	1
160	100	128	1	0	1
180	110	145	1	0	1
183	77	128	1	0	1
184	90	136	1	0	1
26	31	43	1	1	1
27	26	46	3	0	1
27	31	43	44	0	1
27	43	62	23	0	1
69	90	128	3	0	1
90	92	122	2	0	1
96	80	128	1	0	1
64	3
27	31	43	4	0	1
69	90	128	12	0	1
76	96	136	4	0	1
// node 1 --- node 2 --- distance
0	1	25.3
0	2	48.6
0	3	48.7
0	4	50
0	5	47
0	6	53.7
0	7	56.4
0	8	55.5
0	9	54.5
0	10	62.5
0	11	56
0	12	54.2
0	13	57.2
0	14	57
0	15	55.2
0	16	55.2
0	17	55.5
0	18	55
0	19	54.3
0	20	56.2
0	21	53.9
0	22	59
0	23	57.8
0	24	64.9
0	25	58.6
0	26	55.1
0	27	44
0	28	44.2
0	29	35
0	30	34.9
0	31	48.2
0	32	39.7
0	33	30.1
0	34	12
0	35	37.3
0	36	44.6
0	37	44.3
0	38	50.5
0	39	7.8
0	40	57.7
0	41	45.1
0	42	37.5
0	43	36.4
0	44	70
0	45	36.5
0	46	71.2
0	47	98.5
0	48	79.3
0	49	61.6
0	50	60.9
0	51	61.2
0	52	69
0	53	10.4
0	54	81.7
0	55	40.2
0	56	81.4
0	57	57.6
0	58	68.5
0	59	69.3
0	60	82.7
0	61	100
0	62	98.8
0	63	92.5
0	64	90.3
1	2	36
1	3	37.3
1	4	31.4
1	5	32.2
1	6	35.1
1	7	38
1	8	37.1
1	9	39.3
1	10	42.7
1	11	37
1	12	35.6
1	13	37.5
1	14	38
1	15	36.8
1	16	36.8
1	17	36.9
1	18	37
1	19	34.5
1	20	39
1	21	34.9
1	22	39
1	23	35.7
1	24	46.5
1	25	40
1	26	67.2
1	27	56
1	28	56.2
1	29	47
1	30	46.9
1	31	49.6
1	32	21
1	33	21
1	34	18.9
1	35	39.1
1	36	12.6
1	37	19
1	38	15.3
1	39	33.1
1	40	7.1
1	41	17.2
1	42	17.7
1	43	12.8
1	44	15.5
1	45	32.4
1	46	15.7
1	47	15.3
1	48	18
1	49	18
1	50	13.5
1	51	21.4
1	52	9.7
1	53	12.7
1	54	19.8
1	55	13.1
1	56	3.4
1	57	21.3
1	58	25.7
1	59	23
1	60	16.1
1	61	30.3
1	62	29.1
1	63	22.9
1	64	27.8
2	3	1.2
2	4	12.6
2	5	5
2	6	23.1
2	7	35.9
2	8	35.7
2	9	60
2	10	53.7
2	11	34
2	12	38.8
2	13	53
2	14	34
2	15	32.3
2	16	31.6
2	17	29.9
2	18	30
2	19	62.2
2	20	61.8
2	21	39.2
2	22	53
2	23	44
2	24	49.4
2	25	27.4
2	26	71
2	27	42
2	28	45.8
2	29	50
2	30	50.7
2	31	20.8
2	32	25
2	33	30.8
2	34	22.2
2	35	36.4
2	36	9.9
2	37	22.3
2	38	24.6
2	39	25.4
2	40	18.5
2	41	26.4
2	42	9.7
2	43	14.4
2	44	18.8
2	45	26.6
2	46	24.9
2	47	25.9
2	48	9.8
2	49	18.5
2	50	23.7
2	51	22
2	52	17
2	53	7.3
2	54	14.5
2	55	23.7
2	56	12.5
2	57	15
2	58	25.6
2	59	21.1
2	60	15.6
2	61	34.2
2	62	23.4
2	63	20.2
2	64	31.7
3	4	13.6
3	5	6
3	6	24.1
3	7	36.9
3	8	36.7
3	9	60.5
3	10	54.7
3	11	35
3	12	39.8
3	13	53.9
3	14	36
3	15	33.5
3	16	32.6
3	17	30.9
3	18	31
3	19	63.2
3	20	62.7
3	21	40.5
3	22	54
3	23	45
3	24	50.4
3	25	28.4
3	26	71.2
3	27	43
3	28	45.9
3	29	51
3	30	50.9
3	31	21
3	32	12.7
3	33	21.1
3	34	31.4
3	35	44.4
3	36	19.2
3	37	31.4
3	38	12.8
3	39	28.6
3	40	11.7
3	41	17.3
3	42	13.8
3	43	23.3
3	44	27.2
3	45	23.1
3	46	15.2
3	47	25.6
3	48	13.9
3	49	28.1
3	50	23.9
3	51	10.3
3	52	6.6
3	53	16.4
3	54	19.3
3	55	23.4
3	56	14.8
3	57	12.2
3	58	14.6
3	59	11.9
3	60	3.9
3	61	21.9
3	62	19.8
3	63	29.7
3	64	19.5
4	5	9
4	6	14.2
4	7	21.8
4	8	20.9
4	9	51.6
4	10	45.7
4	11	19
4	12	24.1
4	13	44.9
4	14	21
4	15	20
4	16	19.7
4	17	17.6
4	18	17
4	19	52.2
4	20	54
4	21	24.5
4	22	45
4	23	29.3
4	24	30.4
4	25	19.3
4	26	74.6
4	27	53.7
4	28	57.4
4	29	55
4	30	54.3
4	31	37
4	32	12.8
4	33	15.9
4	34	27.6
4	35	44.7
4	36	18.1
4	37	27.7
4	38	9.7
4	39	31
4	40	8.1
4	41	12.1
4	42	16.7
4	43	20.3
4	44	24.2
4	45	27.8
4	46	10
4	47	22.5
4	48	16.8
4	49	25.5
4	50	20.8
4	51	13.2
4	52	1.5
4	53	16.8
4	54	22.2
4	55	20.3
4	56	12.1
4	57	16.9
4	58	17.4
4	59	14.8
4	60	9.6
4	61	22
4	62	24.6
4	63	28.5
4	64	19.6
5	6	21.1
5	7	33.1
5	8	32.2
5	9	58
5	10	51.9
5	11	31
5	12	33.5
5	13	51.1
5	14	31
5	15	30.9
5	16	29.8
5	17	28.1
5	18	29
5	19	60.4
5	20	61
5	21	33.2
5	22	51
5	23	39.1
5	24	47.6
5	25	25.6
5	26	69.2
5	27	41
5	28	43.9
5	29	49
5	30	48.9
5	31	26.4
5	32	31.9
5	33	39.8
5	34	39.1
5	35	34.7
5	36	24.7
5	37	39.2
5	38	33.5
5	39	14.2
5	40	29.5
5	41	36
5	42	14.2
5	43	32.1
5	44	35.6
5	45	18
5	46	33.9
5	47	42
5	48	17.9
5	49	34.8
5	50	39.9
5	51	26.8
5	52	25.9
5	53	25.9
5	54	23.7
5	55	39.9
5	56	29.3
5	57	14.5
5	58	25.7
5	59	26.6
5	60	22.6
5	61	38.3
5	62	15.5
5	63	24.5
5	64	35.9
6	7	12.4
6	8	12.2
6	9	37.5
6	10	31.2
6	11	11
6	12	15.3
6	13	30.4
6	14	10.5
6	15	8.9
6	16	8.1
6	17	6.3
6	18	6.8
6	19	39.7
6	20	30.2
6	21	15.7
6	22	31
6	23	20.7
6	24	21.6
6	25	6.2
6	26	79.2
6	27	56
6	28	59.6
6	29	61
6	30	58.9
6	31	49.7
6	32	14.4
6	33	28.9
6	34	36.4
6	35	46.3
6	36	24.1
6	37	36.5
6	38	18.2
6	39	25.1
6	40	19.2
6	41	24.4
6	42	17.5
6	43	28.6
6	44	33
6	45	18.8
6	46	21.1
6	47	33.1
6	48	16.4
6	49	32.7
6	50	31.4
6	51	7.8
6	52	13.4
6	53	21.5
6	54	21.8
6	55	30.9
6	56	22.6
6	57	8.7
6	58	10.3
6	59	7.6
6	60	7.1
6	61	22.8
6	62	14.7
6	63	34.4
6	64	20.4
7	8	4.8
7	9	30.5
7	10	24.9
7	11	6.5
7	12	3.1
7	13	16.7
7	14	7.5
7	15	5.7
7	16	5.8
7	17	7.5
7	18	7.1
7	19	21.2
7	20	33
7	21	5.1
7	22	17
7	23	7.8
7	24	11.3
7	25	10.6
7	26	79.1
7	27	60
7	28	63.4
7	29	59
7	30	58.8
7	31	46.5
7	32	22.3
7	33	24.8
7	34	21.3
7	35	35.4
7	36	8.8
7	37	21.4
7	38	19.1
7	39	28.1
7	40	13.2
7	41	21
7	42	12.5
7	43	13.5
7	44	17.9
7	45	28.4
7	46	19.4
7	47	20.5
7	48	12.6
7	49	17
7	50	18.3
7	51	19.3
7	52	11.6
7	53	6.3
7	54	13.5
7	55	18.4
7	56	7.1
7	57	16.7
7	58	23.6
7	59	20.9
7	60	12.9
7	61	31.4
7	62	25.1
7	63	19.2
7	64	28.9
8	9	26.5
8	10	20.6
8	11	2.2
8	12	4.2
8	13	19.8
8	14	3.2
8	15	3.7
8	16	4
8	17	6.6
8	18	6.2
8	19	29.1
8	20	28.4
8	21	8.7
8	22	20
8	23	9.6
8	24	11.2
8	25	9.7
8	26	80.3
8	27	59.6
8	28	63.4
8	29	60.1
8	30	60
8	31	45.9
8	32	25.9
8	33	16.1
8	34	23.1
8	35	50.1
8	36	23.3
8	37	23.2
8	38	17.1
8	39	41
8	40	6.8
8	41	14.6
8	42	25.8
8	43	18.6
8	44	19.7
8	45	39.4
8	46	16.1
8	47	10.7
8	48	25.9
8	49	25.9
8	50	11
8	51	26.3
8	52	14.9
8	53	23.4
8	54	31.5
8	55	10.4
8	56	12.5
8	57	28.4
8	58	30.5
8	59	27.9
8	60	22.2
8	61	32.2
8	62	36.1
8	63	34.5
8	64	29.8
9	10	11.5
9	11	26
9	12	23.1
9	13	9.8
9	14	27
9	15	28.7
9	16	28.3
9	17	30.9
9	18	30
9	19	5.6
9	20	4.9
9	21	19.5
9	22	8.2
9	23	18.3
9	24	17.9
9	25	33.6
9	26	95.7
9	27	95.8
9	28	99.6
9	29	75.4
9	30	75.4
9	31	78.9
9	32	28.4
9	33	26.8
9	34	12.5
9	35	42.6
9	36	16
9	37	12.6
9	38	22.7
9	39	40
9	40	12.3
9	41	23
9	42	23.4
9	43	7.9
9	44	9.1
9	45	40.2
9	46	22.2
9	47	14
9	48	23.9
9	49	15.2
9	50	10.7
9	51	28.8
9	52	17.1
9	53	16.8
9	54	24
9	55	11.4
9	56	8
9	57	28.6
9	58	33.1
9	59	30.4
9	60	23.9
9	61	37.6
9	62	37
9	63	26.4
9	64	35.2
10	11	22
10	12	17.8
10	13	5.4
10	14	22.5
10	15	24.3
10	16	24.3
10	17	26
10	18	26
10	19	14.2
10	20	7.6
10	21	16.4
10	22	6.2
10	23	13.9
10	24	13.5
10	25	29.1
10	26	99.7
10	27	91.4
10	28	95.2
10	29	79.8
10	30	79.4
10	31	74.4
10	32	15
10	33	31.6
10	34	44.3
10	35	51
10	36	32.1
10	37	44.3
10	38	21.1
10	39	29.6
10	40	23.6
10	41	30.2
10	42	24.2
10	43	37
10	44	40.8
10	45	21.7
10	46	25.6
10	47	38.1
10	48	25.5
10	49	40.3
10	50	36.8
10	51	6.9
10	52	16.3
10	53	29.3
10	54	30.9
10	55	36
10	56	28.1
10	57	15.1
10	58	1.2
10	59	5.1
10	60	14.3
10	61	17.6
10	62	18.1
10	63	43.7
10	64	15.1
11	12	12
11	13	20.3
11	14	1.5
11	15	1.6
11	16	2.6
11	17	4
11	18	4.2
11	19	29.6
11	20	29
11	21	9.9
11	22	21
11	23	10
11	24	11.7
11	25	5.3
11	26	80.8
11	27	57.4
11	28	61.2
11	29	60.7
11	30	60.5
11	31	43.7
11	32	36.5
11	33	35
11	34	10.7
11	35	45.5
11	36	19.2
11	37	10.8
11	38	30.8
11	39	46.1
11	40	20.5
11	41	31.2
11	42	28.9
11	43	10.5
11	44	7.1
11	45	48.5
11	46	30.3
11	47	19.5
11	48	28.6
11	49	14.4
11	50	17.7
11	51	36.9
11	52	25.2
11	53	21.9
11	54	28.7
11	55	18.4
11	56	15.6
11	57	36.2
11	58	41.2
11	59	38.5
11	60	32.4
11	61	46.1
11	62	45.3
11	63	29.2
11	64	43.3
12	13	14.7
12	14	6.5
12	15	7
12	16	7.2
12	17	9.8
12	18	9.4
12	19	19.2
12	20	26
12	21	5.2
12	22	15
12	23	5.6
12	24	9.3
12	25	12.9
12	26	79
12	27	62.2
12	28	65.9
12	29	59
12	30	58.8
12	31	48.4
12	32	30.7
12	33	29.2
12	34	9.7
12	35	39.2
12	36	12.5
12	37	9.8
12	38	25.2
12	39	38.2
12	40	15
12	41	26
12	42	21
12	43	3.6
12	44	6.3
12	45	39.4
12	46	25.5
12	47	16.2
12	48	21.5
12	49	10.9
12	50	12.7
12	51	31.5
12	52	19.3
12	53	14.4
12	54	21.6
12	55	13.3
12	56	8.2
12	57	27.8
12	58	35.8
12	59	33.1
12	60	25.1
12	61	39.9
12	62	36.2
12	63	22.1
12	64	37.4
13	14	20.7
13	15	22.7
13	16	22.1
13	17	24.3
13	18	24
13	19	7.8
13	20	7.3
13	21	12.4
13	22	0.9
13	23	10.4
13	24	8.5
13	25	27.4
13	26	97.9
13	27	89.6
13	28	93.4
13	29	78
13	30	77.7
13	31	72.7
13	32	6.7
13	33	21
13	34	34.5
13	35	51.5
13	36	25.1
13	37	34.6
13	38	8.9
13	39	35.5
13	40	14.5
13	41	18
13	42	21
13	43	27.1
13	44	30.8
13	45	29.6
13	46	11.8
13	47	29
13	48	21.1
13	49	32.4
13	50	27.6
13	51	12.7
13	52	7.2
13	53	23.6
13	54	26.5
13	55	26.8
13	56	19
13	57	18.7
13	58	16.9
13	59	14.3
13	60	10.8
13	61	16
13	62	26.4
13	63	35.8
13	64	13.5
14	15	1.4
14	16	1.1
14	17	4.6
14	18	5.1
14	19	30.5
14	20	30
14	21	10.7
14	22	21
14	23	11.2
14	24	12.8
14	25	7.2
14	26	81.1
14	27	57.8
14	28	61.5
14	29	61.5
14	30	60.9
14	31	44.1
14	32	28.1
14	33	33.3
14	34	29.5
14	35	33
14	36	14
14	37	29.6
14	38	27
14	39	21.3
14	40	22.2
14	41	29.5
14	42	2.1
14	43	22.5
14	44	26.1
14	45	23.7
14	46	27.3
14	47	33
14	48	4.6
14	49	25.3
14	50	30.8
14	51	25.1
14	52	19.4
14	53	12.7
14	54	10.4
14	55	30.8
14	56	20.3
14	57	15.4
14	58	26.5
14	59	24.2
14	60	18.8
14	61	37.3
14	62	20.5
14	63	25.5
14	64	34.9
15	16	1
15	17	3.6
15	18	3.2
15	19	31
15	20	30.6
15	21	11.7
15	22	22
15	23	11.5
15	24	13.1
15	25	6.7
15	26	80.2
15	27	61
15	28	60.6
15	29	61
15	30	60
15	31	43.2
15	32	23.4
15	33	26.6
15	34	22.2
15	35	36.4
15	36	9.8
15	37	22.3
15	38	21
15	39	29.3
15	40	15
15	41	22.8
15	42	12.8
15	43	14.4
15	44	18.8
15	45	29.5
15	46	21.2
15	47	22.3
15	48	13.7
15	49	17.9
15	50	20.2
15	51	20.5
15	52	13.4
15	53	6.7
15	54	13.9
15	55	20.2
15	56	8.9
15	57	17.9
15	58	24.7
15	59	22.1
15	60	14
15	61	32.6
15	62	26.3
15	63	20.2
15	64	30.2
16	17	3
16	18	2.5
16	19	31.3
16	20	31
16	21	11.1
16	22	22
16	23	11.9
16	24	13.5
16	25	6.1
16	26	79.6
16	27	57
16	28	60
16	29	60
16	30	11.8
16	31	42.5
16	32	36.3
16	33	36.6
16	34	21.8
16	35	23.8
16	36	7.2
16	37	21.9
16	38	31
16	39	34.4
16	40	24
16	41	32.8
16	42	17.2
16	43	14.2
16	44	18.4
16	45	36.8
16	46	31.3
16	47	30.9
16	48	14.8
16	49	16.7
16	50	28.7
16	51	32.4
16	52	23.5
16	53	8.1
16	54	14.9
16	55	28.7
16	56	17.5
16	57	27.5
16	58	36.7
16	59	33.9
16	60	26
16	61	44.6
16	62	33.5
16	63	9.5
16	64	42.2
17	18	1.5
17	19	44
17	20	33.8
17	21	12.5
17	22	25
17	23	14.6
17	24	16.3
17	25	4.1
17	26	80.2
17	27	57.1
17	28	60.6
17	29	60.5
17	30	60
17	31	43.1
17	32	24.8
17	33	2
17	34	34.5
17	35	56.3
17	36	29.8
17	37	34.5
17	38	15.1
17	39	43.8
17	40	13
17	41	11.3
17	42	29.8
17	43	29.8
17	44	31
17	45	41.2
17	46	14.1
17	47	21.9
17	48	29.9
17	49	37.1
17	50	24.2
17	51	26.7
17	52	14.2
17	53	28.4
17	54	35.3
17	55	23.1
17	56	22.4
17	57	30.3
17	58	30.9
17	59	28.3
17	60	23.8
17	61	29.8
17	62	38
17	63	40.1
17	64	27.3
18	19	34.5
18	20	33.9
18	21	12.3
18	22	25
18	23	15.2
18	24	15.8
18	25	3.7
18	26	80.2
18	27	57
18	28	60.6
18	29	60.1
18	30	60
18	31	43.1
18	32	26.7
18	33	37.8
18	34	42.3
18	35	43.1
18	36	28
18	37	42.4
18	38	29.8
18	39	21.7
18	40	28.1
18	41	33.7
18	42	17.5
18	43	34.8
18	44	38.9
18	45	10
18	46	31.6
18	47	41.9
18	48	20.1
18	49	38.1
18	50	41.4
18	51	18
18	52	23.7
18	53	27.8
18	54	25.5
18	55	39.8
18	56	30
18	57	8.3
18	58	15.3
18	59	16.2
18	60	18.2
18	61	28.3
18	62	2.5
18	63	38.3
18	64	25.9
19	20	6
19	21	16.4
19	22	11
19	23	17.4
19	24	20.8
19	25	36.5
19	26	90.7
19	27	82
19	28	79.8
19	29	71
19	30	70.5
19	31	81.8
19	32	31.7
19	33	36.9
19	34	31.1
19	35	26.6
19	36	15
19	37	31.1
19	38	30.6
19	39	25.4
19	40	25.8
19	41	33.1
19	42	8.1
19	43	24.1
19	44	27.6
19	45	28.6
19	46	30.9
19	47	37.6
19	48	5.7
19	49	26.8
19	50	35.5
19	51	28.7
19	52	23
19	53	13.8
19	54	11.5
19	55	35.5
19	56	24.9
19	57	18.8
19	58	31.4
19	59	27.8
19	60	22.3
19	61	40.9
19	62	25.4
19	63	14.6
19	64	38.5
20	21	20.5
20	22	6.5
20	23	21.3
20	24	21
20	25	36.3
20	26	94.6
20	27	98.5
20	28	102
20	29	74.2
20	30	74.5
20	31	81.6
20	32	23.4
20	33	19.4
20	34	18.6
20	35	45.3
20	36	18.7
20	37	18.7
20	38	17.2
20	39	37.3
20	40	4.9
20	41	15.6
20	42	22.1
20	43	14.1
20	44	15.2
20	45	36.6
20	46	16.2
20	47	11.5
20	48	22.2
20	49	21.4
20	50	10
20	51	23.7
20	52	12.4
20	53	18.8
20	54	26
20	55	9.3
20	56	7.7
20	57	25.8
20	58	28
20	59	25.3
20	60	19.6
20	61	32.3
20	62	33.5
20	63	29.6
20	64	29.9
21	22	13
21	23	9.2
21	24	12.8
21	25	15.8
21	26	78.3
21	27	61.7
21	28	65.2
21	29	58.3
21	30	58
21	31	47.7
21	32	21.4
21	33	25.8
21	34	23.5
21	35	37.7
21	36	11.1
21	37	23.6
21	38	19.5
21	39	27.2
21	40	14.2
21	41	22
21	42	11.6
21	43	15.7
21	44	20.1
21	45	27.5
21	46	19.8
21	47	23.8
21	48	11.7
21	49	19.2
21	50	21.6
21	51	18.4
21	52	11.9
21	53	8
21	54	15.1
21	55	21.7
21	56	10.5
21	57	15.8
21	58	22.7
21	59	20
21	60	12
21	61	30.6
21	62	24.2
21	63	21.5
21	64	28.2
22	23	12.5
22	24	11.9
22	25	27.6
22	26	98.2
22	27	90
22	28	93.6
22	29	73.7
22	30	77.9
22	31	72.9
22	32	37.9
22	33	33.7
22	34	14.4
22	35	49.8
22	36	23.2
22	37	14.5
22	38	31.7
22	39	50.1
22	40	20.3
22	41	30.5
22	42	33.2
22	43	14.4
22	44	10.8
22	45	51
22	46	31.4
22	47	15.2
22	48	32.6
22	49	19
22	50	12
22	51	38.2
22	52	26.5
22	53	25.9
22	54	32.7
22	55	12.6
22	56	18
22	57	38.6
22	58	42.5
22	59	39.8
22	60	33.3
22	61	47.6
22	62	47.8
22	63	33.6
22	64	45.2
23	24	4.7
23	25	17.5
23	26	82.5
23	27	65.7
23	28	69.5
23	29	63
23	30	62.5
23	31	52
23	32	11.7
23	33	29
23	34	41.4
23	35	54.4
23	36	29.3
23	37	41.5
23	38	16.9
23	39	33
23	40	20.4
23	41	26.9
23	42	23.8
23	43	34.2
23	44	37.2
23	45	26
23	46	19.7
23	47	34.9
23	48	23.9
23	49	37.4
23	50	33.6
23	51	4
23	52	13.1
23	53	26.4
23	54	29.3
23	55	32.8
23	56	24.9
23	57	17.3
23	58	6.1
23	59	3.9
23	60	11.4
23	61	14.7
23	62	21.5
23	63	40.9
23	64	12.3
24	25	18.7
24	26	86.5
24	27	68.7
24	28	72.4
24	29	70
24	30	67
24	31	54.8
24	32	28.1
24	33	36
24	34	35.3
24	35	31.7
24	36	21
24	37	35.4
24	38	30.7
24	39	11.4
24	40	25.7
24	41	32.2
24	42	10.4
24	43	28.3
24	44	31.9
24	45	13.1
24	46	30.1
24	47	38.2
24	48	14.2
24	49	31.1
24	50	36.1
24	51	21.9
24	52	22.2
24	53	22.1
24	54	20
24	55	36.1
24	56	25.6
24	57	9.6
24	58	20.9
24	59	21.8
24	60	18.8
24	61	33.4
24	62	10.7
24	63	21.5
24	64	31
25	26	97.5
25	27	64.5
25	28	68.1
25	29	70
25	30	68.9
25	31	47.4
25	32	25.3
25	33	30.5
25	34	26.7
25	35	33.4
25	36	12.4
25	37	26.8
25	38	24.2
25	39	18.5
25	40	19.4
25	41	26.7
25	42	1.3
25	43	19.7
25	44	23.3
25	45	20.9
25	46	24.6
25	47	30.2
25	48	5
25	49	22.5
25	50	28
25	51	22.3
25	52	16.6
25	53	13.1
25	54	10.8
25	55	28.1
25	56	17.5
25	57	12.7
25	58	23.7
25	59	21.4
25	60	16
25	61	34.5
25	62	17.7
25	63	22.7
25	64	32.1
26	27	35.5
26	28	25.6
26	29	26.5
26	30	26.3
26	31	57.1
26	32	22.2
26	33	12.2
26	34	25.6
26	35	50.1
26	36	23.5
26	37	25.7
26	38	12.8
26	39	39
26	40	5
26	41	9.3
26	42	24.2
26	43	20.9
26	44	22.2
26	45	37.5
26	46	11.8
26	47	15.3
26	48	24.3
26	49	28.2
26	50	14.9
26	51	24.8
26	52	12.2
26	53	23.6
26	54	29.7
26	55	14.2
26	56	13.9
26	57	26.6
26	58	27.6
26	59	25.2
26	60	20.4
26	61	27.2
26	62	34.3
26	63	33.9
26	64	24.8
27	28	4.5
27	29	14.1
27	30	14.3
27	31	19.6
27	32	16.3
27	33	22.5
27	34	29.8
27	35	41.7
27	36	17.7
27	37	29.9
27	38	16.2
27	39	24.4
27	40	13.1
27	41	18.6
27	42	11.1
27	43	22.6
27	44	26.4
27	45	21.1
27	46	16.5
27	47	26.5
27	48	11.2
27	49	25.8
27	50	25.6
27	51	14.8
27	52	8.6
27	53	14.9
27	54	16.6
27	55	24.4
27	56	14.6
27	57	10.2
27	58	19
27	59	14.2
27	60	8.3
27	61	25.5
27	62	17.9
27	63	28
27	64	23.1
28	29	14.5
28	30	14.2
28	31	23.8
28	32	14.7
28	33	18.3
28	34	38.3
28	35	58.8
28	36	32
28	37	38.4
28	38	8.3
28	39	47
28	40	17.1
28	41	13.6
28	42	31.8
28	43	32.7
28	44	34.8
28	45	41.1
28	46	8.2
28	47	30.4
28	48	31.9
28	49	38.8
28	50	29.1
28	51	21
28	52	16.4
28	53	30.7
28	54	37.6
28	55	28.4
28	56	24.6
28	57	30.5
28	58	20.8
28	59	21.1
28	60	23.1
28	61	15.2
28	62	37.3
28	63	42.6
28	64	12.8
29	30	1
29	31	37.5
29	32	39.2
29	33	32.5
29	34	16.4
29	35	51.2
29	36	25
29	37	16.5
29	38	33.8
29	39	51.4
29	40	21.6
29	41	31.8
29	42	34.6
29	43	16.2
29	44	12.8
29	45	52.3
29	46	32.8
29	47	14.5
29	48	34.3
29	49	20.1
29	50	13.3
29	51	39.5
29	52	27.8
29	53	27.6
29	54	34.4
29	55	13.9
29	56	19.3
29	57	40
29	58	43.8
29	59	41.1
29	60	34.7
29	61	48.9
29	62	49.1
29	63	34.9
29	64	46.5
30	31	37.3
30	32	41.2
30	33	46.4
30	34	33.5
30	35	15.6
30	36	17.8
30	37	33.3
30	38	40.2
30	39	24.1
30	40	34.6
30	41	42.6
30	42	17.6
30	43	24.9
30	44	30
30	45	28.8
30	46	40.5
30	47	41.5
30	48	15.3
30	49	26.4
30	50	39.4
30	51	38.3
30	52	32.6
30	53	18.8
30	54	21.1
30	55	39.4
30	56	28.1
30	57	25.9
30	58	37.2
30	59	38.1
30	60	31.9
30	61	49.8
30	62	26.3
30	63	21
30	64	47.4
31	32	40.3
31	33	33.7
31	34	14.5
31	35	49.2
31	36	23
31	37	14.6
31	38	34.1
31	39	49.9
31	40	21.9
31	41	32.1
31	42	32.7
31	43	14.2
31	44	10.9
31	45	52.3
31	46	33.1
31	47	15.7
31	48	32.4
31	49	18.1
31	50	13.6
31	51	40.7
31	52	29
31	53	25.7
31	54	32.5
31	55	14.2
31	56	19.4
31	57	40
31	58	45
31	59	42.3
31	60	35.8
31	61	49.2
31	62	49
31	63	33
31	64	46.8
32	33	16.8
32	34	31.1
32	35	21.2
32	36	13.9
32	37	24.4
32	38	14.3
32	39	33
32	40	21.5
32	41	6.4
32	42	3
32	43	5.3
32	44	38
32	45	22.2
32	46	12.9
32	47	22.2
32	48	17.9
32	49	10.9
32	50	28.5
32	51	16.8
32	52	16.5
32	53	23.7
32	54	10.8
32	55	5.8
32	56	26.4
32	57	33.3
32	58	30.6
32	59	22.6
32	60	37.4
32	61	34.8
32	62	26.8
32	63	34.9
32	64	34.8
33	34	27.5
33	35	10.9
33	36	12.4
33	37	14.4
33	38	27.4
33	39	23.7
33	40	34.6
33	41	22
33	42	14.4
33	43	13.3
33	44	33.2
33	45	14.8
33	46	34
33	47	26.2
33	48	37.4
33	49	32.6
33	50	13
33	51	12.2
33	52	28.7
33	53	31.6
33	54	31.8
33	55	24
33	56	21.1
33	57	13
33	58	13.2
33	59	13.7
33	60	10.7
33	61	28.7
33	62	40.7
33	63	8.3
33	64	46
34	35	35.1
34	36	38.1
34	37	42.2
34	38	38.4
34	39	7
34	40	52.7
34	41	33
34	42	30
34	43	29.6
34	44	42.7
34	45	15.2
34	46	23.8
34	47	31
34	48	37.7
34	49	26.1
34	50	27.8
34	51	15.3
34	52	29.5
34	53	36.4
34	54	25.3
34	55	23.4
34	56	31.4
34	57	32
34	58	29.4
34	59	24.9
34	60	30.9
34	61	39.5
34	62	41.2
34	63	28.4
34	64	49.3
35	36	11.3
35	37	6
35	38	29
35	39	31.3
35	40	29
35	41	23.7
35	42	21.8
35	43	17
35	44	46.1
35	45	32.1
35	46	24
35	47	26.1
35	48	11.4
35	49	19.9
35	50	40.1
35	51	27
35	52	19.4
35	53	26.2
35	54	20.6
35	55	16.9
35	56	35.9
35	57	44.4
35	58	41.8
35	59	33.7
35	60	47.6
35	61	42.9
35	62	26.8
35	63	45.1
35	64	34.9
36	37	9.8
36	38	22.4
36	39	39.2
36	40	20.9
36	41	17
36	42	12.6
36	43	10.2
36	44	37.4
36	45	52.9
36	46	52.3
36	47	30.7
36	48	37.2
36	49	50.2
36	50	53.7
36	51	44.9
36	52	29.6
36	53	36.4
36	54	50.2
36	55	38.9
36	56	41.3
36	57	52.6
36	58	53.5
36	59	47.3
36	60	65.1
36	61	42.4
36	62	31.8
36	63	62.7
36	64	11.3
37	38	32.1
37	39	38.4
37	40	28.1
37	41	25.8
37	42	21.4
37	43	19
37	44	33.3
37	45	26
37	46	25.6
37	47	9.4
37	48	12
37	49	23.5
37	50	27.2
37	51	18.2
37	52	2.7
37	53	9.5
37	54	23.5
37	55	12.2
37	56	22.1
37	57	31.4
37	58	28.7
37	59	20.7
37	60	38.7
37	61	30.1
37	62	12.4
37	63	36.3
37	64	20.5
38	39	32.4
38	40	21.8
38	41	6.6
38	42	14.6
38	43	4.9
38	44	46.2
38	45	32.2
38	46	24.1
38	47	26.2
38	48	8.8
38	49	20
38	50	40.2
38	51	27.1
38	52	19.5
38	53	26.3
38	54	20.7
38	55	17
38	56	36
38	57	44.5
38	58	41.8
38	59	33.8
38	60	47.6
38	61	42.9
38	62	26.9
38	63	45.2
38	64	35
39	40	51.7
39	41	39.2
39	42	31.5
39	43	30.5
39	44	34.3
39	45	4
39	46	26.8
39	47	25.2
39	48	32.9
39	49	25.3
39	50	17.3
39	51	10
39	52	24.5
39	53	30.6
39	54	24.6
39	55	18.7
39	56	23.4
39	57	21.6
39	58	18.9
39	59	15.5
39	60	16.8
39	61	31.1
39	62	36.2
39	63	14.3
39	64	44.3
40	41	15.3
40	42	21.4
40	43	22.8
40	44	17.4
40	45	39.5
40	46	47.6
40	47	23.5
40	48	40.5
40	49	45.5
40	50	31.2
40	51	31.5
40	52	31.5
40	53	29.3
40	54	45.5
40	55	34.9
40	56	18.9
40	57	30.1
40	58	31
40	59	28.2
40	60	42.7
40	61	19.9
40	62	30.2
40	63	40.2
40	64	28.4
41	42	8.1
41	43	9.5
41	44	33
41	45	11.7
41	46	15
41	47	19.8
41	48	25
41	49	13.6
41	50	19.7
41	51	8.4
41	52	18.7
41	53	25.2
41	54	12.9
41	55	10.1
41	56	22
41	57	24
41	58	21.3
41	59	15.8
41	60	27.9
41	61	29.7
41	62	28.9
41	63	25.5
41	64	37
42	43	3.4
42	44	39.7
42	45	12.4
42	46	16.8
42	47	26.5
42	48	30.8
42	49	17.3
42	50	25.9
42	51	13.4
42	52	26
42	53	32.1
42	54	16.7
42	55	16.4
42	56	28.2
42	57	34.6
42	58	26.7
42	59	22
42	60	27.6
42	61	35.9
42	62	36.3
42	63	25.2
42	64	44.4
43	44	21.4
43	45	25
43	46	30.7
43	47	4.6
43	48	23
43	49	28.5
43	50	22.8
43	51	17.1
43	52	12.7
43	53	10.4
43	54	28.5
43	55	18
43	56	13.1
43	57	24.2
43	58	21.9
43	59	16.4
43	60	35
43	61	18.2
43	62	23.2
43	63	32.6
43	64	21.6
44	45	36.7
44	46	4.7
44	47	23.3
44	48	13.3
44	49	43.5
44	50	43.3
44	51	43.6
44	52	54.2
44	53	72.5
44	54	55.7
44	55	37.6
44	56	55.4
44	57	58.6
44	58	53.7
44	59	55.2
44	60	42.2
44	61	36
44	62	19
44	63	39.8
44	64	27
45	46	40.6
45	47	78.7
45	48	47.3
45	49	55.6
45	50	55.4
45	51	55.7
45	52	51.3
45	53	25.9
45	54	81.1
45	55	25.5
45	56	48.1
45	57	125.4
45	58	50.8
45	59	62.9
45	60	44
45	61	39.7
45	62	23.6
45	63	41.6
45	64	31.7
46	47	30
46	48	11.4
46	49	34.5
46	50	34.3
46	51	34.6
46	52	59.1
46	53	71.6
46	54	60.6
46	55	42.5
46	56	60.3
46	57	63.5
46	58	58.6
46	59	60.1
46	60	36.4
46	61	7.1
46	62	34.2
46	63	34
46	64	33.1
47	48	24.8
47	49	56.1
47	50	55.9
47	51	56.2
47	52	34.5
47	53	100.9
47	54	36.1
47	55	50.6
47	56	35.8
47	57	38.9
47	58	34
47	59	35.5
47	60	20.4
47	61	33.2
47	62	36.1
47	63	18
47	64	43.9
48	49	43.1
48	50	42.8
48	51	43.2
48	52	66.1
48	53	80.5
48	54	57.7
48	55	49.5
48	56	57.4
48	57	70.5
48	58	65.6
48	59	67.1
48	60	41.6
48	61	43.6
48	62	36.1
48	63	39.1
48	64	44.2
49	50	0.33
49	51	0.92
49	52	87.5
49	53	66.1
49	54	89
49	55	66.5
49	56	88.6
49	57	91.9
49	58	87
49	59	88.5
49	60	35.2
49	61	21.1
49	62	21.4
49	63	32.8
49	64	19.2
50	51	0.69
50	52	87.2
50	53	65.9
50	54	88.7
50	55	66.3
50	56	88.4
50	57	91.6
50	58	86.7
50	59	88.2
50	60	46.4
50	61	38.4
50	62	21.5
50	63	43.9
50	64	28.5
51	52	87.6
51	53	66.2
51	54	89.1
51	55	66.6
51	56	88.7
51	57	92
51	58	87.1
51	59	88.6
51	60	39.4
51	61	41.4
51	62	34.5
51	63	37
51	64	42
52	53	62.4
52	54	17.8
52	55	30.9
52	56	17.5
52	57	12.3
52	58	1.3
52	59	3.5
52	60	18.4
52	61	20.5
52	62	39.2
52	63	16
52	64	41.3
53	54	80.1
53	55	42.4
53	56	79.7
53	57	58.9
53	58	68.3
53	59	12.7
53	60	21.5
53	61	25.3
53	62	28.8
53	63	19.1
53	64	36.9
54	55	45.8
54	56	2
54	57	34.3
54	58	19.1
54	59	24.6
54	60	37.1
54	61	28.8
54	62	14.7
54	63	34.7
54	64	22.7
55	56	44.9
55	57	21.9
55	58	29.9
55	59	9
55	60	40.6
55	61	26.5
55	62	21.5
55	63	38.2
55	64	25
56	57	33.5
56	58	18.3
56	59	9
56	60	38.1
56	61	39.2
56	62	32.3
56	63	35.7
56	64	39.9
57	58	13.1
57	59	6.6
57	60	33.2
57	61	31.3
57	62	22.7
57	63	30.8
57	64	30.7
58	59	3.6
58	60	28
58	61	10
58	62	33.9
58	63	25.6
58	64	29.6
59	60	16.6
59	61	19
59	62	43.9
59	63	14.2
59	64	41.1
60	61	14.3
60	62	14.7
60	63	26.4
60	64	38.9
61	62	1.2
61	63	15
61	64	27
62	63	13.9
62	64	25.8
63	64	12.7	
