//	Instance:	Sha11.xls
11 0
//	Class:	a
//	46	---	number	of	customers	(depot	not	included)
//	16	---	number	of	vehicles	(lower	bound)
//	185	---	number	of	box	types
//	1549	---	number	of	items
46 16 185 1549
//	Capacity (kg)	-	height	-	width	-	length	of	vehicles	(cm)
//	26460	270	235	1202
26460 270 235 1202
//	Node - number of box types - h - w - l - number of box - fragility for each item - weight
0	0
1	6
14	22	31	2	0	1
27	43	62	7	0	1
28	40	60	3	0	1
49	90	128	2	0	1
69	90	128	9	0	1
69	90	158	5	0	1
2	33
100	117	156	1	0	1
100	148	163	1	0	1
100	91	141	3	0	1
105	100	140	2	0	1
13	30	40	1	1	1
14	31	43	2	0	1
15	20	30	1	1	1
15	30	40	4	0	1
21	21	25	2	0	1
27	31	43	2	0	1
27	43	62	1	1	1
32	32	42	1	1	1
39	49	86	5	0	1
40	62	86	1	1	1
49	90	128	16	0	1
60	61	61	2	0	1
69	90	128	2	0	1
75	90	148	1	0	1
80	100	110	5	0	1
80	100	111	2	0	1
80	103	138	4	0	1
80	103	148	16	0	1
80	113	128	2	0	1
80	115	150	7	0	1
84	100	143	1	0	1
85	108	148	1	0	1
85	90	128	6	0	1
85	90	148	1	0	1
85	90	158	1	0	1
90	100	111	2	0	1
90	103	170	7	0	1
90	118	128	1	0	1
98	90	140	1	0	1
3	1
110	70	180	20	0	1
4	1
69	90	128	7	0	1
5	3
14	43	62	2	0	1
27	43	62	4	0	1
76	96	136	5	0	1
6	14
105	70	128	4	0	1
110	70	128	18	0	1
14	22	31	14	0	1
14	31	43	45	0	1
14	43	62	37	0	1
25	50	64	4	0	1
27	31	43	10	0	1
27	43	62	105	0	1
28	40	60	3	0	1
49	90	128	1	0	1
69	90	128	23	0	1
70	150	220	3	0	1
75	73	113	2	0	1
75	96	136	1	0	1
7	7
105	100	128	2	0	1
105	80	128	2	0	1
110	70	128	1	0	1
155	80	120	4	0	1
170	62	100	2	0	1
69	90	128	2	0	1
76	96	136	2	0	1
8	8
110	80	128	1	0	1
115	75	128	2	0	1
115	80	128	1	0	1
14	22	31	1	1	1
14	31	43	7	0	1
14	43	62	12	0	1
27	43	62	4	0	1
28	40	60	11	0	1
9	10
115	90	128	2	0	1
115	90	129	2	0	1
14	29	67	12	0	1
14	31	43	5	0	1
27	43	62	10	0	1
28	40	60	1	1	1
28	42	51	1	1	1
49	90	128	4	0	1
68	90	128	4	0	1
69	90	128	57	0	1
10	4
16	33	45	4	0	1
26	32	44	1	1	1
28	33	49	9	0	1
33	34	60	3	0	1
11	9
14	43	62	4	0	1
17	38	52	1	1	1
20	28	53	3	0	1
26	43	62	1	1	1
27	43	62	27	0	1
28	28	48	1	1	1
34	60	85	1	0	1
36	41	50	2	0	1
69	90	128	41	0	1
12	11
100	90	128	4	0	1
110	70	128	1	0	1
110	80	150	1	0	1
110	92	130	2	0	1
14	22	31	14	0	1
14	31	43	5	0	1
24	30	58	1	1	1
27	31	43	1	0	1
27	43	62	1	1	1
28	40	60	10	0	1
65	109	120	9	0	1
13	1
84	100	176	2	0	1
14	1
45	55	55	1	1	1
15	4
105	70	128	2	0	1
28	40	60	1	1	1
40	83	125	1	0	1
76	80	126	1	0	1
16	3
30	95	120	1	0	1
40	95	120	1	0	1
46	74	140	1	0	1
17	1
51	25	47	2	0	1
18	2
110	60	145	2	0	1
36	36	39	1	1	1
19	2
115	79	270	4	0	1
69	90	128	4	0	1
20	1
68	116	122	96	0	1
21	1
107	60	145	6	0	1
22	6
146	100	146	1	0	1
14	31	43	1	1	1
14	43	62	13	0	1
18	23	33	6	0	1
69	90	128	1	0	1
8	19	27	3	0	1
23	5
15	30	40	2	0	1
24	27	42	1	1	1
25	25	48	2	0	1
28	36	69	2	0	1
69	90	128	1	0	1
24	1
15	30	40	2	0	1
25	9
14	22	31	7	0	1
14	31	43	3	0	1
14	43	62	1	1	1
26	35	41	54	0	1
27	43	62	11	0	1
28	40	60	5	0	1
39	32	48	1	1	1
42	40	53	1	0	1
46	40	46	3	0	1
26	1
110	70	128	1	0	1
27	24
105	70	128	4	0	1
105	70	130	8	0	1
110	70	128	3	0	1
135	80	128	4	0	1
144	75	165	1	0	1
150	100	140	4	0	1
150	100	145	14	0	1
150	70	128	2	0	1
15	40	120	2	0	1
160	100	150	6	0	1
160	80	145	4	0	1
165	75	145	2	0	1
165	80	145	6	0	1
169	75	145	6	0	1
180	80	145	8	0	1
24	50	75	2	0	1
24	50	86	2	0	1
27	43	62	3	0	1
49	90	128	12	0	1
68	70	175	5	0	1
69	90	128	4	0	1
70	128	144	2	0	1
72	100	128	10	0	1
95	110	130	7	0	1
28	1
78	95	138	6	0	1
29	5
14	43	62	1	0	1
15	30	40	1	1	1
21	27	41	3	0	1
21	35	46	2	0	1
40	27	40	1	1	1
30	10
15	30	40	3	0	1
19	44	136	1	0	1
19	51	154	1	0	1
27	30	138	1	0	1
69	114	120	2	0	1
69	90	128	3	0	1
70	114	120	8	0	1
75	110	140	1	0	1
77	95	128	1	0	1
89	112	143	6	0	1
31	1
14	43	62	4	0	1
32	2
102	84	128	2	0	1
68	90	128	1	0	1
33	5
140	70	110	2	0	1
14	31	43	7	0	1
14	43	62	4	0	1
27	31	43	8	0	1
27	43	62	1	1	1
34	4
17	30	32	1	1	1
18	33	33	1	0	1
27	43	62	2	0	1
78	128	180	8	0	1
35	18
14	15	28	2	0	1
14	22	31	6	0	1
14	24	78	2	0	1
14	31	43	9	0	1
15	20	30	1	1	1
15	35	46	1	0	1
16	21	36	1	1	1
18	22	31	1	1	1
18	25	33	3	0	1
20	23	32	8	0	1
23	25	46	1	0	1
27	31	42	1	1	1
27	31	43	4	0	1
27	43	62	4	0	1
32	30	68	2	0	1
57	90	128	12	0	1
64	97	136	1	0	1
9	20	28	3	0	1
36	7
120	120	230	2	0	1
130	120	230	1	0	1
132	121	225	1	0	1
136	125	200	2	0	1
188	100	181	3	0	1
190	155	225	1	0	1
85	72	113	1	0	1
37	5
145	70	220	3	0	1
14	31	43	1	1	1
16	20	30	2	0	1
16	21	40	4	0	1
27	31	43	1	0	1
38	3
105	94	140	1	0	1
134	100	150	5	0	1
35	42	55	1	1	1
39	7
145	70	250	2	0	1
156	80	235	2	0	1
27	43	62	5	0	1
28	40	60	1	1	1
67	90	240	1	0	1
69	90	128	14	0	1
70	90	240	1	0	1
40	1
30	30	35	15	0	1
41	7
14	22	31	25	0	1
14	31	43	2	0	1
14	43	62	2	0	1
27	31	43	7	0	1
27	43	62	33	0	1
30	41	60	1	1	1
69	90	128	5	0	1
42	1
26	28	78	2	0	1
43	2
21	20	30	1	1	1
35	30	40	1	1	1
44	9
100	70	128	2	0	1
128	125	207	6	0	1
171	150	180	1	0	1
175	128	148	26	0	1
178	100	195	16	0	1
178	150	153	12	0	1
187	100	195	10	0	1
204	150	180	9	0	1
61	90	128	2	0	1
45	10
105	110	215	1	0	1
105	90	140	6	0	1
105	95	215	2	0	1
106	110	240	2	0	1
110	110	160	3	0	1
115	80	160	3	0	1
180	110	290	5	0	1
190	110	290	2	0	1
27	43	62	1	1	1
69	90	128	1	0	1
46	10
110	70	128	1	0	1
14	43	62	6	0	1
150	70	128	1	0	1
16	35	46	4	0	1
22	46	66	1	1	1
25	50	64	4	0	1
27	43	62	2	0	1
28	40	60	7	0	1
49	90	128	2	0	1
69	90	128	9	0	1
// node 1 --- node 2 --- distance
0	1	5.9
0	2	5.2
0	3	20
0	4	1.6
0	5	11
0	6	7
0	7	8.8
0	8	8.3
0	9	0.7
0	10	2.8
0	11	12
0	12	2.3
0	13	2.1
0	14	6.2
0	15	4.1
0	16	4.6
0	17	6.8
0	18	5.1
0	19	7
0	20	7
0	21	6.4
0	22	6
0	23	6.2
0	24	2.7
0	25	3.3
0	26	3.2
0	27	17
0	28	26
0	29	8.8
0	30	13
0	31	7.6
0	32	8
0	33	5.5
0	34	3.7
0	35	2.7
0	36	7.6
0	37	5.9
0	38	3.6
0	39	12
0	40	12
0	41	9.2
0	42	5.5
0	43	5.5
0	44	7.7
0	45	9
0	46	7.2
1	2	2.3
1	3	24
1	4	4.5
1	5	4
1	6	2.1
1	7	3.5
1	8	5.3
1	9	5.3
1	10	5
1	11	4.5
1	12	5.4
1	13	4.6
1	14	2.4
1	15	4.1
1	16	1.8
1	17	2
1	18	1.1
1	19	3.5
1	20	3.5
1	21	2.6
1	22	1.1
1	23	2.4
1	24	5.4
1	25	3.5
1	26	3.3
1	27	20
1	28	20
1	29	6.9
1	30	11
1	31	7.5
1	32	8.9
1	33	4.9
1	34	5
1	35	21
1	36	2.5
1	37	2.1
1	38	6.6
1	39	5.8
1	40	10
1	41	7.8
1	42	40
1	43	1.5
1	44	2.9
1	45	4.2
1	46	3.1
2	3	21
2	4	3.6
2	5	7.5
2	6	3.9
2	7	5.6
2	8	7.3
2	9	4.7
2	10	1.5
2	11	1.8
2	12	2.7
2	13	4.4
2	14	4.2
2	15	4.8
2	16	2.7
2	17	3.8
2	18	2.8
2	19	3.3
2	20	3.3
2	21	3.3
2	22	4.5
2	23	3
2	24	4.2
2	25	2.7
2	26	2.9
2	27	2.1
2	28	23
2	29	8.7
2	30	21
2	31	9.3
2	32	12
2	33	1.9
2	34	2.3
2	35	4.1
2	36	4.3
2	37	4
2	38	3.4
2	39	9.2
2	40	7.9
2	41	6.7
2	42	3.5
2	43	2.4
2	44	4.7
2	45	5.8
2	46	3.5
3	4	21
3	5	25
3	6	27
3	7	29
3	8	37
3	9	20
3	10	23
3	11	28
3	12	16
3	13	22
3	14	28
3	15	21.4
3	16	25
3	17	27
3	18	25
3	19	27
3	20	27
3	21	28
3	22	28
3	23	28
3	24	16
3	25	23
3	26	23
3	27	4.7
3	28	40
3	29	27.7
3	30	38
3	31	31
3	32	30
3	33	23
3	34	23
3	35	22
3	36	27
3	37	27
3	38	19
3	39	34
3	40	27
3	41	27
3	42	22
3	43	24
3	44	25.9
3	45	26
3	46	26
4	5	7.6
4	6	6.1
4	7	7.5
4	8	7
4	9	1
4	10	2
4	11	2
4	12	1.2
4	13	0.8
4	14	5.3
4	15	2.2
4	16	3.7
4	17	5.9
4	18	4.2
4	19	5.3
4	20	5.3
4	21	5.5
4	22	5.1
4	23	5.3
4	24	1.2
4	25	2.1
4	26	1.9
4	27	1.3
4	28	2.9
4	29	6.1
4	30	13
4	31	7.2
4	32	8.4
4	33	3.9
4	34	2.1
4	35	1.3
4	36	6.5
4	37	5.1
4	38	2.3
4	39	9.2
4	40	9.9
4	41	8.7
4	42	4.6
4	43	4.6
4	44	7.2
4	45	7.8
4	46	5.5
5	6	3.6
5	7	4.7
5	8	6.2
5	9	10
5	10	7.9
5	11	7.3
5	12	8.3
5	13	8.9
5	14	5.6
5	15	8.4
5	16	6.1
5	17	4.2
5	18	5.4
5	19	4.2
5	20	4.2
5	21	5.8
5	22	5.4
5	23	5.6
5	24	10
5	25	9.9
5	26	9.9
5	27	21
5	28	18
5	29	8.1
5	30	16
5	31	8.7
5	32	17
5	33	5.7
5	34	9.6
5	35	7.8
5	36	3.3
5	37	5.6
5	38	11
5	39	7.1
5	40	9.1
5	41	6.3
5	42	8.6
5	43	5.1
5	44	3.2
5	45	1.8
5	46	3.8
6	7	3.6
6	8	5
6	9	6.3
6	10	5.8
6	11	5.2
6	12	6.1
6	13	5.6
6	14	2
6	15	5.2
6	16	2.8
6	17	1.5
6	18	2.1
6	19	3.7
6	20	3.7
6	21	2.2
6	22	2.2
6	23	2
6	24	6.1
6	25	4.8
6	26	4.6
6	27	23
6	28	7.2
6	29	6.5
6	30	11
6	31	7.1
6	32	8.5
6	33	5.1
6	34	5.8
6	35	4.5
6	36	0.4
6	37	1.7
6	38	7.6
6	39	5.3
6	40	10
6	41	6.9
6	42	38
6	43	1.8
6	44	0.8
6	45	2.1
6	46	3.3
7	8	1.9
7	9	7.7
7	10	6.9
7	11	6.9
7	12	7.8
7	13	7
7	14	2.3
7	15	7
7	16	3.8
7	17	3.8
7	18	3.5
7	19	6
7	20	6
7	21	2.1
7	22	3.6
7	23	2.3
7	24	7.8
7	25	6.5
7	26	6.4
7	27	24
7	28	8.6
7	29	3.8
7	30	7.9
7	31	4.4
7	32	5.8
7	33	7.5
7	34	7.4
7	35	6.3
7	36	2.6
7	37	2.7
7	38	9
7	39	3.5
7	40	13
7	41	11
7	42	8.7
7	43	3.8
7	44	4
7	45	3.7
7	46	5.6
8	9	7.8
8	10	8.6
8	11	8.6
8	12	9.8
8	13	8.3
8	14	3.8
8	15	6.5
8	16	9.8
8	17	5.6
8	18	5.2
8	19	7.8
8	20	7.8
8	21	3.5
8	22	5.3
8	23	3.8
8	24	9.8
8	25	8.3
8	26	8.1
8	27	25
8	28	22
8	29	3.3
8	30	13
8	31	3.9
8	32	22
8	33	9.3
8	34	9.2
8	35	22
8	36	4.2
8	37	3.7
8	38	9
8	39	3.9
8	40	14
8	41	11
8	42	12
8	43	5.3
8	44	5.4
8	45	5.2
8	46	4.5
9	10	3.1
9	11	3.6
9	12	2.3
9	13	1.5
9	14	6.2
9	15	1.8
9	16	5
9	17	6.8
9	18	5
9	19	6.3
9	20	6.5
9	21	6.3
9	22	5.9
9	23	6.1
9	24	2.3
9	25	2.9
9	26	2.7
9	27	16
9	28	1.9
9	29	6.6
9	30	28
9	31	7.2
9	32	7.6
9	33	4.9
9	34	3.2
9	35	2.1
9	36	7.3
9	37	5.9
9	38	1.5
9	39	11
9	40	11
9	41	3.1
9	42	5.1
9	43	5.2
9	44	7.7
9	45	8.8
9	46	6.4
10	11	0.7
10	12	0.9
10	13	2.7
10	14	5.3
10	15	3.4
10	16	3.6
10	17	4.7
10	18	3.8
10	19	3.2
10	20	3.2
10	21	5.4
10	22	4.9
10	23	5.3
10	24	1.4
10	25	2.7
10	26	2.6
10	27	17
10	28	5
10	29	7.9
10	30	20
10	31	9.2
10	32	11
10	33	1.8
10	34	1.1
10	35	3.3
10	36	5.3
10	37	5
10	38	2.2
10	39	10
10	40	7.8
10	41	6.6
10	42	2.5
10	43	3.4
10	44	6
10	45	5.7
10	46	3.4
11	12	0.9
11	13	2.7
11	14	5.8
11	15	3.8
11	16	4.2
11	17	5.3
11	18	4.3
11	19	3.8
11	20	3.6
11	21	6
11	22	4.7
11	23	5.8
11	24	0.9
11	25	2.6
11	26	2.5
11	27	18
11	28	4.8
11	29	7.7
11	30	21
11	31	9.1
11	32	10
11	33	2.4
11	34	0.6
11	35	3.2
11	36	5.6
11	37	5.5
11	38	1.7
11	39	11
11	40	8.3
11	41	7.2
11	42	3.8
11	43	3.9
11	44	6.6
11	45	6.3
11	46	4
12	13	2
12	14	6.1
12	15	3
12	16	4.9
12	17	6
12	18	5.4
12	19	4.5
12	20	4.5
12	21	6.7
12	22	5.3
12	23	6.5
12	24	0.1
12	25	3.2
12	26	3.1
12	27	16
12	28	5
12	29	7.9
12	30	14
12	31	8.4
12	32	9.6
12	33	3
12	34	1.2
12	35	2.5
12	36	6.5
12	37	6.2
12	38	0.8
12	39	12
12	40	9
12	41	7.8
12	42	3.3
12	43	7.8
12	44	7.4
12	45	7.1
12	46	4.9
13	14	5.8
13	15	2.1
13	16	4.2
13	17	6.4
13	18	4.7
13	19	6
13	20	6
13	21	5.8
13	22	5.6
13	23	5.8
13	24	2
13	25	2.6
13	26	3
13	27	18
13	28	26
13	29	5.9
13	30	13
13	31	7.3
13	32	8.6
13	33	4.5
13	34	3
13	35	1.4
13	36	6
13	37	5.6
13	38	2.4
13	39	11
13	40	11
13	41	9.3
13	42	5.3
13	43	5.1
13	44	7.4
13	45	8.5
13	46	6.1
14	15	4.6
14	16	1.4
14	17	2.6
14	18	1.9
14	19	4.8
14	20	4.8
14	21	0.8
14	22	2.3
14	23	0.3
14	24	6.1
14	25	6.7
14	26	6.6
14	27	23
14	28	6.6
14	29	5.1
14	30	27
14	31	5.7
14	32	28
14	33	6.2
14	34	6.1
14	35	3.9
14	36	2.4
14	37	0.6
14	38	7
14	39	5.2
14	40	11
14	41	8
14	42	7.3
14	43	2.7
14	44	2.8
14	45	4
14	46	4.4
15	16	6.1
15	17	8.8
15	18	6.6
15	19	7.8
15	20	7.8
15	21	8.4
15	22	7.3
15	23	40.7
15	24	3.6
15	25	4.4
15	26	4.2
15	27	3.6
15	28	28.6
15	29	5.4
15	30	12.2
15	31	6
15	32	7
15	33	6.4
15	34	4.8
15	35	1.7
15	36	8.7
15	37	7.4
15	38	3.9
15	39	9.8
15	40	12.1
15	41	11.2
15	42	6.6
15	43	6.9
15	44	9.2
15	45	10.3
15	46	8.4
16	17	2.6
16	18	0.9
16	19	4.1
16	20	4.1
16	21	2.2
16	22	1.8
16	23	2
16	24	4.5
16	25	5.1
16	26	5.2
16	27	4.3
16	28	5
16	29	5.8
16	30	11
16	31	7.1
16	32	9.7
16	33	4.1
16	34	4.5
16	35	2.3
16	36	3.2
16	37	1.7
16	38	5.5
16	39	6
16	40	10
16	41	8.9
16	42	5.7
16	43	1.7
16	44	3.6
16	45	4.8
16	46	3.7
17	18	2.4
17	19	2.9
17	20	2.9
17	21	2.8
17	22	2
17	23	2
17	24	6
17	25	4.7
17	26	4.5
17	27	23
17	28	19
17	29	7
17	30	26
17	31	7.7
17	32	27
17	33	4.3
17	34	5.6
17	35	4.3
17	36	1.9
17	37	2
17	38	9.6
17	39	6.8
17	40	6.8
17	41	6.9
17	42	7.3
17	43	1.7
17	44	1.5
17	45	2.7
17	46	2.5
18	19	3.4
18	20	3.4
18	21	2
18	22	1.1
18	23	1.8
18	24	4.8
18	25	3.7
18	26	3.6
18	27	20
18	28	20
18	29	6.2
18	30	27
18	31	6.9
18	32	28
18	33	4.2
18	34	4.7
18	35	2.6
18	36	2.9
18	37	1.6
18	38	7.4
18	39	7.4
18	40	10
18	41	8.9
18	42	5.8
18	43	1.5
18	44	2.9
18	45	4.1
18	46	3
19	20	0.5
19	21	5
19	22	3.5
19	23	4.8
19	24	4.5
19	25	6.1
19	26	6
19	27	19
19	28	19
19	29	9.2
19	30	26
19	31	9.9
19	32	27
19	33	1.9
19	34	4.1
19	35	5.8
19	36	4
19	37	3.9
19	38	7.3
19	39	8.7
19	40	9.2
19	41	5.9
19	42	4.7
19	43	3.2
19	44	3.3
19	45	3
19	46	0.7
20	21	5
20	22	3.5
20	23	4.8
20	24	4.5
20	25	6.1
20	26	6
20	27	19
20	28	19
20	29	9.2
20	30	26
20	31	9.9
20	32	27
20	33	1.9
20	34	4.1
20	35	5.8
20	36	4
20	37	4.5
20	38	7.3
20	39	8.7
20	40	7.1
20	41	5.9
20	42	4.7
20	43	3.2
20	44	3.3
20	45	3
20	46	0.7
21	22	2.5
21	23	0.8
21	24	6.3
21	25	6.9
21	26	6.7
21	27	21
21	28	20
21	29	4.7
21	30	27
21	31	5.4
21	32	29
21	33	6.4
21	34	6.3
21	35	4
21	36	2.6
21	37	0.8
21	38	8.8
21	39	4.8
21	40	12
21	41	8.2
21	42	7.5
21	43	2.9
21	44	3
21	45	4.3
21	46	4.6
22	23	1.4
22	24	5.8
22	25	6.4
22	26	6.4
22	27	21
22	28	20
22	29	5.8
22	30	26
22	31	6.5
22	32	28
22	33	5.4
22	34	5.8
22	35	3.6
22	36	2
22	37	1.1
22	38	8.4
22	39	4.8
22	40	11
22	41	9.1
22	42	6.3
22	43	1.9
22	44	2.4
22	45	3.7
22	46	3.4
23	24	6.1
23	25	6.7
23	26	6.6
23	27	21
23	28	20
23	29	5
23	30	27
23	31	5.7
23	32	28
23	33	6.2
23	34	6.1
23	35	3.9
23	36	2.4
23	37	0.6
23	38	8.7
23	39	5.2
23	40	11
23	41	46.8
23	42	47.5
23	43	2.7
23	44	2.8
23	45	4
23	46	4.4
24	25	3.2
24	26	3.1
24	27	16
24	28	24
24	29	7.8
24	30	31
24	31	8.4
24	32	32
24	33	3
24	34	1.2
24	35	2.5
24	36	6.5
24	37	6.2
24	38	3.1
24	39	12
24	40	9.2
24	41	7.8
24	42	3.4
24	43	4.6
24	44	7.3
24	45	7
24	46	4.6
25	26	0.3
25	27	19
25	28	23
25	29	6.5
25	30	29
25	31	7.1
25	32	31
25	33	4.5
25	34	2.9
25	35	1.2
25	36	5.1
25	37	3.6
25	38	6
25	39	7.9
25	40	11
25	41	9.3
25	42	5.2
25	43	3.1
25	44	5.5
25	45	6.7
25	46	5.6
26	27	19
26	28	23
26	29	6.3
26	30	29
26	31	7
26	32	31
26	33	4.3
26	34	2.9
26	35	1
26	36	5.1
26	37	3.5
26	38	5.8
26	39	7.8
26	40	11
26	41	9.1
26	42	5.1
26	43	3.1
26	44	5.3
26	45	6.7
26	46	5.5
27	28	36
27	29	27
27	30	42
27	31	26
27	32	44
27	33	18
27	34	18
27	35	18
27	36	22
27	37	23
27	38	5
27	39	29
27	40	22
27	41	8.5
27	42	4.4
27	43	20
27	44	22
27	45	36
27	46	22
28	29	26
28	30	31
28	31	25
28	32	33
28	33	24
28	34	23
28	35	27
28	36	19
28	37	21
28	38	28.9
28	39	18
28	40	12
28	41	12.5
28	42	22.4
28	43	21
28	44	19
28	45	18
28	46	20
29	30	15
29	31	1.8
29	32	27
29	33	11
29	34	10
29	35	6.3
29	36	5.6
29	37	5.1
29	38	9
29	39	6.2
29	40	16
29	41	12.4
29	42	9.9
29	43	7.1
29	44	6.7
29	45	6.6
29	46	8.8
30	31	25
30	32	12
30	33	28
30	34	28
30	35	33
30	36	24
30	37	22
30	38	22.1
30	39	13
30	40	32
30	41	19.1
30	42	19.8
30	43	26
30	44	23
30	45	22
30	46	24
31	32	25
31	33	12
31	34	10
31	35	8.6
31	36	6.7
31	37	6.2
31	38	14.1
31	39	7.4
31	40	17
31	41	13.6
31	42	10.9
31	43	8.2
31	44	7.8
31	45	7.7
31	46	9.9
32	33	32
32	34	32
32	35	31
32	36	22
32	37	22
32	38	13
32	39	19
32	40	36
32	41	21.9
32	42	12.5
32	43	23
32	44	27
32	45	26
32	46	28
33	34	2.4
33	35	5
33	36	5.5
33	37	4.6
33	38	5.6
33	39	10
33	40	7.4
33	41	6
33	42	3.6
33	43	3.6
33	44	5.4
33	45	5.1
33	46	2.8
34	35	3.5
34	36	6.2
34	37	5.8
34	38	4.1
34	39	17
34	40	8.6
34	41	7.5
34	42	2.6
34	43	4.2
34	44	6.9
34	45	6.6
34	46	4.3
35	36	5.6
35	37	4.2
35	38	5
35	39	9.3
35	40	11
35	41	10.8
35	42	7.1
35	43	3.7
35	44	6
35	45	8.9
35	46	6.1
36	37	2.1
36	38	7.6
36	39	5
36	40	11
36	41	7.7
36	42	7.7
36	43	2.2
36	44	1.2
36	45	1.8
36	46	3.6
37	38	8.4
37	39	4.9
37	40	11
37	41	7.7
37	42	8.1
37	43	2.4
37	44	2.5
37	45	3.7
37	46	4.1
38	39	20
38	40	11.6
38	41	10.3
38	42	5.6
38	43	7.1
38	44	14.8
38	45	15.8
38	46	8.4
39	40	15
39	41	11.9
39	42	17.7
39	43	7.2
39	44	6.1
39	45	6.1
39	46	8.3
40	41	3.7
40	42	6.7
40	43	9.8
40	44	9.9
40	45	9.6
40	46	7.3
41	42	6.7
41	43	8.6
41	44	6.2
41	45	6.2
41	46	6.8
42	43	6.5
42	44	8
42	45	9
42	46	7
43	44	2.6
43	45	3.8
43	46	2.8
44	45	1.8
44	46	2.9
45	46	2.6
