//Instance:	Sha12.xls	
12 0
//Class:	b
//	35	---	number	of	customers	(depot	not	included) 
//	10	---	number	of	vehicles	(lower	bound) 
//	149	---	number	of	box types
//	623	---	number	of	items
35 10 149 623
//	Capacity (kg)	-	height	-	width	-	length	of	vehicles	(cm)
//	8000		242		217		640
8000	242	217	640
//	Node - number of box types - h - w - l - number of box - fragility for each item - weight
0	0
1	23
14	31	43	1	1	1
14	40	60	1	0	1
14	43	62	1	1	1
15	25	65	1	0	1
165	180	216	2	0	1
28	31	43	2	0	1
28	40	60	2	0	1
28	43	62	10	0	1
30	42	42	1	1	1
58	46	52	1	0	1
5	25	65	2	0	1
60	40	83	2	0	1
65	113	123	21	0	1
65	130	160	3	0	1
69	140	160	2	0	1
70	120	128	10	0	1
71	90	128	1	0	1
76	86	136	2	0	1
80	113	140	2	0	1
80	115	140	2	0	1
80	120	140	6	0	1
83	140	160	3	0	1
84	133	205	7	0	1
2	4
14	31	43	1	1	1
14	43	62	13	0	1
27	31	43	1	1	1
27	43	62	1	0	1
3	14
116	70	145	2	0	1
12	17	25	4	0	1
12	22	32	11	0	1
13	21	33	2	0	1
13	22	31	2	0	1
14	16	35	6	0	1
15	18	69	2	0	1
17	25	84	2	0	1
18	22	31	3	0	1
18	22	35	1	1	1
20	25	35	1	0	1
22	24	33	2	0	1
69	90	128	4	0	1
76	96	136	3	0	1
4	1
27	43	62	1	1	1
5	1
75	113	145	2	0	1
6	3
16	23	29	2	0	1
25	22	32	2	0	1
25	23	63	2	0	1
7	1
28	28	48	3	0	1
8	4
105	80	128	6	0	1
14	31	43	1	1	1
14	43	62	2	0	1
28	40	60	1	0	1
9	2
14	43	62	4	0	1
69	90	128	1	0	1
10	2
13	31	43	5	0	1
14	31	43	2	0	1
11	6
105	70	128	2	0	1
124	90	133	8	0	1
14	43	62	2	0	1
23	60	86	2	0	1
27	43	62	4	0	1
76	96	136	1	0	1
12	2
14	43	62	3	0	1
20	30	40	3	0	1
13	3
27	43	62	1	1	1
27	48	65	1	0	1
41	62	86	1	0	1
14	5
145	97	106	2	0	1
14	22	31	1	1	1
14	43	62	4	0	1
15	40	60	1	1	1
27	43	62	1	0	1
15	4
14	43	62	1	1	1
27	43	62	8	0	1
49	90	128	1	0	1
69	90	128	1	0	1
16	12
105	95	120	1	0	1
105	95	128	1	0	1
108	95	120	1	0	1
14	43	62	1	0	1
150	70	180	2	0	1
15	20	30	1	0	1
15	30	40	1	1	1
160	99	105	4	0	1
18	25	45	4	0	1
20	20	20	4	0	1
22	27	38	23	0	1
25	23	35	1	1	1
17	2
27	43	62	2	0	1
49	90	128	2	0	1
18	26
100	90	128	1	0	1
112	105	125	1	0	1
112	110	150	2	0	1
13	36	82	2	0	1
14	31	43	14	0	1
14	43	62	22	0	1
150	90	128	9	0	1
25	90	128	1	0	1
43	90	128	15	0	1
47	90	128	8	0	1
49	105	125	4	0	1
55	41	103	1	0	1
6	39	113	1	0	1
70	105	125	1	0	1
72	105	125	6	0	1
74	105	125	1	0	1
79	110	150	4	0	1
83	105	125	6	0	1
84	102	125	1	0	1
84	105	125	2	0	1
84	110	150	2	0	1
90	90	140	4	0	1
95	105	125	5	0	1
95	110	150	1	0	1
97	105	125	1	0	1
99	105	125	1	0	1
19	2
77	100	110	1	0	1
90	90	140	4	0	1
20	7
105	70	128	2	0	1
110	70	128	2	0	1
14	31	43	1	0	1
14	43	62	3	0	1
35	50	50	1	1	1
40	80	120	3	0	1
49	90	128	1	0	1
21	3
150	80	125	1	0	1
21	26	40	1	1	1
69	90	128	1	0	1
22	5
14	31	43	10	0	1
27	43	62	2	0	1
28	40	60	2	0	1
31	27	45	2	0	1
6	9	12	1	1	1
23	1
25	36	36	2	0	1
24	6
110	60	145	1	0	1
110	60	146	1	0	1
111	60	146	2	0	1
128	60	146	1	0	1
20	30	40	2	0	1
35	31	58	2	0	1
25	1
49	90	128	2	0	1
26	2
12	16	34	4	0	1
28	40	60	3	0	1
27	1
28	30	40	6	0	1
28	20
10	50	64	1	0	1
11	30	54	1	1	1
12	22	76	1	1	1
12	30	40	8	0	1
12	32	39	6	0	1
12	36	62	1	1	1
12	40	54	2	0	1
14	31	51	5	0	1
5	51	68	2	0	1
6	39	85	1	1	1
6	40	59	1	0	1
6	41	62	1	1	1
6	48	78	1	0	1
6	61	103	1	1	1
6	68	103	2	0	1
78	100	111	1	0	1
78	95	140	1	0	1
7	67	90	1	0	1
9	41	81	1	0	1
9	47	51	4	0	1
29	3
110	60	145	13	0	1
33	33	33	1	1	1
49	90	128	12	0	1
30	16
13	18	29	2	0	1
13	20	30	2	0	1
14	31	43	5	0	1
14	43	62	6	0	1
16	38	52	1	1	1
18	40	65	1	0	1
20	30	40	1	1	1
27	31	43	9	0	1
39	73	113	1	1	1
49	90	128	2	0	1
50	90	130	3	0	1
55	100	160	2	0	1
55	90	128	6	0	1
69	116	124	5	0	1
69	90	128	11	0	1
70	100	160	2	0	1
31	1
144	71	120	3	0	1
32	1
144	71	120	4	0	1
33	2
27	43	62	1	1	1
69	90	128	1	0	1
34	10
10	10	206	2	0	1
20	36	56	4	0	1
22	32	53	1	1	1
27	43	62	2	0	1
34	50	56	2	0	1
34	50	69	4	0	1
57	97	128	6	0	1
68	90	128	1	0	1
69	116	124	4	0	1
77	128	180	1	0	1
35	2
34	35	78	2	0	1
34	35	84	2	0	1
// node 1 --- node 2 --- distance
0	1	7.1
0	2	5.7
0	3	30.7
0	4	50.7
0	5	30.9
0	6	28.2
0	7	45
0	8	63.5
0	9	41.3
0	10	43.3
0	11	67.8
0	12	71.6
0	13	74.2
0	14	47.5
0	15	46.6
0	16	117.8
0	17	115.8
0	18	111.2
0	19	113.2
0	20	89.7
0	21	109.6
0	22	109.7
0	23	94.4
0	24	89.2
0	25	127
0	26	108.1
0	27	113.5
0	28	136
0	29	139.2
0	30	154.9
0	31	153.2
0	32	151.1
0	33	121.3
0	34	124.9
0	35	122.8
1	2	3.8
1	3	25.4
1	4	17
1	5	30.3
1	6	15.9
1	7	28.1
1	8	56.5
1	9	34.4
1	10	38.3
1	11	59.9
1	12	64.7
1	13	67.4
1	14	38.7
1	15	39.4
1	16	117.1
1	17	115.4
1	18	105.8
1	19	106.5
1	20	83.4
1	21	103.5
1	22	97.4
1	23	99.9
1	24	90.5
1	25	126.6
1	26	106.8
1	27	108.2
1	28	129.4
1	29	141.3
1	30	143.6
1	31	147.8
1	32	148.8
1	33	115.2
1	34	116.8
1	35	116.8
2	3	28.8
2	4	17.1
2	5	30.7
2	6	16
2	7	42.1
2	8	60.2
2	9	38.1
2	10	42
2	11	63.6
2	12	68.3
2	13	71.1
2	14	38.6
2	15	43.1
2	16	118
2	17	116.3
2	18	109.6
2	19	110.3
2	20	87.1
2	21	107.3
2	22	101.2
2	23	103.7
2	24	94.3
2	25	127.5
2	26	107.6
2	27	109
2	28	132.3
2	29	139.9
2	30	147.4
2	31	151.6
2	32	152.6
2	33	118.9
2	34	120.6
2	35	120.6
3	4	8.9
3	5	54.6
3	6	9.8
3	7	26
3	8	62
3	9	48.5
3	10	52.4
3	11	74
3	12	69.7
3	13	67.8
3	14	62.4
3	15	40.9
3	16	134.1
3	17	132.5
3	18	118.3
3	19	119
3	20	95.8
3	21	116
3	22	109.9
3	23	112.3
3	24	103
3	25	143.7
3	26	123.8
3	27	125.2
3	28	142.7
3	29	135.7
3	30	154.1
3	31	158.3
3	32	159.3
3	33	125.6
3	34	127.2
3	35	127.3
4	5	54.6
4	6	44.6
4	7	20.1
4	8	6.5
4	9	10.8
4	10	8.2
4	11	19.8
4	12	19
4	13	21.7
4	14	71.5
4	15	10.2
4	16	112.9
4	17	111.3
4	18	96.9
4	19	97.6
4	20	74.4
4	21	94.6
4	22	88.5
4	23	91
4	24	81.6
4	25	122.5
4	26	102.6
4	27	104
4	28	121.3
4	29	123.8
4	30	134.7
4	31	138.9
4	32	139.9
4	33	106.2
4	34	107.9
4	35	106.6
5	6	31.3
5	7	47.4
5	8	62.5
5	9	44
5	10	45.9
5	11	59
5	12	66.9
5	13	69.6
5	14	13.8
5	15	49.3
5	16	91.5
5	17	89.8
5	18	102.9
5	19	103.6
5	20	80.5
5	21	100.6
5	22	94.5
5	23	97
5	24	87.6
5	25	101
5	26	81.2
5	27	82.6
5	28	125.7
5	29	164
5	30	122.8
5	31	127
5	32	128
5	33	112.3
5	34	113.9
5	35	114
6	7	20.1
6	8	52.3
6	9	36.9
6	10	38.9
6	11	63.2
6	12	67.2
6	13	65
6	14	67.8
6	15	38.4
6	16	125
6	17	123.3
6	18	109
6	19	109.7
6	20	86.5
6	21	106.7
6	22	100.6
6	23	103.1
6	24	93.7
6	25	134.5
6	26	114.7
6	27	116.1
6	28	131.3
6	29	133.1
6	30	146.8
6	31	155.6
6	32	156.6
6	33	118.3
6	34	124.6
6	35	120
7	8	34.1
7	9	15.4
7	10	17.5
7	11	47.4
7	12	51.4
7	13	48.1
7	14	63.9
7	15	16.6
7	16	107.4
7	17	105.8
7	18	91.6
7	19	92.3
7	20	69.1
7	21	89.3
7	22	83.2
7	23	85.6
7	24	76.3
7	25	116.9
7	26	97.1
7	27	98.5
7	28	115.1
7	29	117.2
7	30	129.4
7	31	133.6
7	32	134.6
7	33	100.9
7	34	102.6
7	35	102.6
8	9	18
8	10	15.5
8	11	12.3
8	12	11.5
8	13	14.2
8	14	72.2
8	15	18.7
8	16	89.5
8	17	87.9
8	18	61.8
8	19	62.6
8	20	39.4
8	21	59.5
8	22	53.5
8	23	55.9
8	24	46.5
8	25	99.3
8	26	79.2
8	27	80.6
8	28	84.9
8	29	107.4
8	30	100.8
8	31	103.9
8	32	104.9
8	33	71.2
8	34	72.8
8	35	72.9
9	10	4.2
9	11	34.9
9	12	28.7
9	13	31.4
9	14	60
9	15	5.8
9	16	102.5
9	17	100.8
9	18	78.8
9	19	79.5
9	20	56.3
9	21	76.5
9	22	70.4
9	23	72.9
9	24	63.5
9	25	112
9	26	92.1
9	27	93.5
9	28	103.2
9	29	118
9	30	117.7
9	31	120.8
9	32	121.8
9	33	88.1
9	34	89.8
9	35	89.8
10	11	26.9
10	12	26.2
10	13	28.9
10	14	61.9
10	15	4.9
10	16	91.5
10	17	89.8
10	18	76.1
10	19	76.8
10	20	53.6
10	21	73.8
10	22	67.7
10	23	70.1
10	24	60.8
10	25	113.6
10	26	95.4
10	27	78.7
10	28	101
10	29	112.7
10	30	115
10	31	118.1
10	32	119.1
10	33	85.4
10	34	87.1
10	35	87.1
11	12	16.3
11	13	19
11	14	69.5
11	15	29.8
11	16	71
11	17	69.4
11	18	54
11	19	60.2
11	20	31.5
11	21	56
11	22	46.3
11	23	52.3
11	24	39.4
11	25	75.9
11	26	56.1
11	27	58.2
11	28	77.8
11	29	115.5
11	30	96.9
11	31	100
11	32	101
11	33	60.8
11	34	69
11	35	69
12	13	3.1
12	14	80.6
12	15	28.6
12	16	71.8
12	17	70.1
12	18	56.6
12	19	49.1
12	20	34.1
12	21	54.3
12	22	48.2
12	23	50.7
12	24	41.3
12	25	94.1
12	26	74
12	27	75.4
12	28	79.7
12	29	98.8
12	30	95.5
12	31	98.6
12	32	99.6
12	33	65.9
12	34	67.6
12	35	67.6
13	14	83
13	15	29.1
13	16	86.9
13	17	85.2
13	18	59.2
13	19	51.7
13	20	36.7
13	21	56.9
13	22	50.8
13	23	53.3
13	24	43.9
13	25	96.7
13	26	76.6
13	27	78
13	28	81.9
13	29	97.2
13	30	98.1
13	31	101.2
13	32	102.3
13	33	68.6
13	34	70.2
13	35	70.3
14	15	64.5
14	16	92.1
14	17	90.5
14	18	108.8
14	19	113.2
14	20	86.4
14	21	106.5
14	22	100.5
14	23	102.9
14	24	93.5
14	25	101.6
14	26	81.8
14	27	83.2
14	28	127.4
14	29	171.6
14	30	124.5
14	31	127.6
14	32	128.6
14	33	118.2
14	34	119.8
14	35	119.9
15	16	107.5
15	17	105.8
15	18	83.8
15	19	84.5
15	20	56.3
15	21	81.5
15	22	75.4
15	23	71.2
15	24	68.5
15	25	117
15	26	97.1
15	27	98.5
15	28	102.5
15	29	112.5
15	30	122.7
15	31	110
15	32	126.8
15	33	93.1
15	34	94.8
15	35	94.8
16	17	2.9
16	18	48.3
16	19	60.2
16	20	58.5
16	21	46.7
16	22	65.2
16	23	58
16	24	59.2
16	25	14.9
16	26	14.7
16	27	20
16	28	45.2
16	29	170.9
16	30	34.6
16	31	37.7
16	32	38.7
16	33	52
16	34	51.5
16	35	51.5
17	18	47.8
17	19	59.8
17	20	56.9
17	21	46.3
17	22	64.8
17	23	57.5
17	24	58.8
17	25	19.6
17	26	15.1
17	27	18.3
17	28	45.2
17	29	175.5
17	30	35.8
17	31	38.9
17	32	40
17	33	56.5
17	34	60.5
17	35	59.2
18	19	44.2
18	20	30.4
18	21	30.6
18	22	49.5
18	23	41.9
18	24	43.1
18	25	28
18	26	62
18	27	38.6
18	28	40.6
18	29	129
18	30	59.4
18	31	62.5
18	32	63.5
18	33	10.7
18	34	12.4
18	35	12.4
19	20	31.7
19	21	13
19	22	15.9
19	23	21.2
19	24	28.1
19	25	71.8
19	26	73.6
19	27	48.3
19	28	47.8
19	29	124
19	30	67
19	31	70.1
19	32	71.2
19	33	15
19	34	13.1
19	35	13.1
20	21	28.1
20	22	19.9
20	23	10.7
20	24	13.5
20	25	69.6
20	26	51.8
20	27	46.1
20	28	54.7
20	29	139.4
20	30	65.7
20	31	68.8
20	32	69.8
20	33	30.7
20	34	33.4
20	35	33.4
21	22	21.1
21	23	22.4
21	24	23.2
21	25	57.8
21	26	59.6
21	27	36.3
21	28	38.2
21	29	139.4
21	30	58.2
21	31	61.4
21	32	62.4
21	33	10.5
21	34	12.2
21	35	12.2
22	23	18.7
22	24	34.6
22	25	96.9
22	26	37
22	27	22.1
22	28	45.5
22	29	147.8
22	30	60.9
22	31	64
22	32	65.1
22	33	25.7
22	34	28.4
22	35	28.4
23	24	7.1
23	25	68.3
23	26	60.5
23	27	66.5
23	28	41.5
23	29	132.3
23	30	57.3
23	31	60.4
23	32	61.4
23	33	14
23	34	15.6
23	35	15.6
24	25	68.5
24	26	58.3
24	27	64.4
24	28	47.6
24	29	143.3
24	30	62.8
24	31	65.9
24	32	67
24	33	25
24	34	26.6
24	35	26.7
25	26	18.5
25	27	27.8
25	28	58.7
25	29	184.2
25	30	38
25	31	43.2
25	32	44.2
25	33	66.1
25	34	67.3
25	35	67.3
26	27	17
26	28	57.9
26	29	177.3
26	30	45.8
26	31	48.9
26	32	60.7
26	33	66.3
26	34	70.4
26	35	70.4
27	28	72.9
27	29	183.3
27	30	56.7
27	31	55.8
27	32	56.9
27	33	42.2
27	34	44.9
27	35	44.9
28	29	131.7
28	30	62.4
28	31	60.8
28	32	60.8
28	33	22.5
28	34	21.7
28	35	23.4
29	30	188.1
29	31	186.4
29	32	186.4
29	33	128.3
29	34	121.8
29	35	121.5
30	31	4.7
30	32	4.7
30	33	64.4
30	34	70
30	35	67.9
31	32	2.7
31	33	66.5
31	34	72.1
31	35	70
32	33	66.5
32	34	72.1
32	35	70
33	34	8.4
33	35	6.3
34	35	2	
