// 3
3 3
// class: -
// number of customers
// number of vehicles
// number of box types
// number of items
50 50 1220 3377
// max-weight height width length of vehicles (cm)
// 
160000 220 233 587
// node no-box-types / h w l no. boxes frag weight
0 0
1 20
31 45 76 3 0 140
51 54 63 1 0 140
69 77 114 3 0 140
53 57 95 3 0 140
20 36 92 2 0 140
47 84 90 7 0 140
47 84 90 1 1 140
24 69 84 1 0 140
35 35 57 1 0 140
50 76 78 3 0 140
37 67 81 3 0 140
43 51 73 1 0 140
30 54 64 1 0 140
51 73 85 2 0 140
23 58 83 4 0 140
27 71 114 4 0 140
50 56 67 4 0 140
46 51 79 2 0 140
36 57 89 1 0 140
46 72 109 3 0 140
2 27
33 92 113 3 0 361
28 37 52 3 0 361
29 33 57 4 0 361
30 37 99 6 0 361
30 37 99 1 1 361
33 64 92 1 0 361
39 59 119 4 0 361
39 59 119 1 1 361
49 52 54 2 0 361
35 45 75 4 0 361
44 68 79 4 0 361
47 49 116 4 0 361
47 49 116 1 1 361
23 44 83 4 0 361
23 44 83 1 1 361
56 96 98 6 0 361
56 96 98 1 1 361
57 72 78 4 0 361
47 88 98 4 0 361
31 33 41 3 0 361
34 35 59 4 0 361
37 78 83 5 0 361
37 78 83 1 1 361
33 34 68 3 0 361
49 69 103 4 0 361
32 53 97 4 0 361
32 53 97 1 1 361
3 23
31 72 96 4 0 258
31 72 96 1 1 258
47 72 75 3 0 258
20 25 80 4 0 258
20 25 80 1 1 258
61 94 114 3 0 258
39 40 100 3 0 258
48 51 72 4 0 258
24 28 36 2 0 258
35 58 85 3 0 258
58 84 85 4 0 258
58 84 85 1 1 258
24 48 95 4 0 258
25 70 115 4 0 258
42 49 108 3 0 258
26 64 73 2 0 258
35 54 68 3 0 258
60 62 83 3 0 258
43 56 57 3 0 258
56 57 101 1 0 258
42 48 56 1 0 258
38 55 93 3 0 258
53 53 53 2 0 258
4 24
46 92 95 3 0 147
40 60 65 6 0 147
40 60 65 1 1 147
59 62 103 4 0 147
59 62 103 1 1 147
52 65 71 1 0 147
28 87 119 4 0 147
28 87 119 1 1 147
78 92 109 2 0 147
35 54 58 4 0 147
35 54 58 1 1 147
64 73 98 2 0 147
40 44 44 1 0 147
35 69 70 3 0 147
58 61 119 3 0 147
45 55 89 3 0 147
58 68 75 4 0 147
30 37 43 4 0 147
30 37 43 1 1 147
41 77 95 3 0 147
63 63 65 1 0 147
62 70 107 3 0 147
21 69 109 3 0 147
21 34 54 2 0 147
5 25
35 49 72 2 0 318
47 66 75 4 0 318
22 30 78 3 0 318
79 79 119 4 0 318
79 79 119 1 1 318
62 65 76 4 0 318
62 65 76 1 1 318
65 81 119 4 0 318
36 77 91 4 0 318
27 89 113 1 0 318
44 59 98 1 0 318
43 55 76 7 0 318
43 55 76 1 1 318
31 51 58 4 0 318
31 51 58 1 1 318
25 40 94 3 0 318
43 66 89 4 0 318
50 55 119 4 0 318
34 43 70 1 0 318
56 71 76 4 0 318
56 71 76 1 1 318
40 58 80 1 0 318
46 57 79 2 0 318
61 68 70 1 0 318
39 46 93 3 0 318
6 23
32 53 64 4 0 238
28 42 51 5 0 238
28 42 51 1 1 238
30 32 49 1 0 238
59 68 109 5 0 238
59 68 109 1 1 238
32 43 66 3 0 238
47 71 120 2 0 238
41 57 109 1 0 238
28 70 100 2 0 238
26 40 85 2 0 238
55 71 79 4 0 238
55 71 79 1 1 238
55 73 93 4 0 238
55 73 93 1 1 238
75 75 101 4 0 238
53 58 89 3 0 238
36 53 98 2 0 238
31 53 118 6 0 238
31 53 118 1 1 238
46 60 64 4 0 238
37 67 74 4 0 238
38 47 89 2 0 238
7 24
32 50 91 2 0 296
40 66 118 4 0 296
32 69 75 4 0 296
32 73 81 1 0 296
33 69 97 7 0 296
33 69 97 1 1 296
27 31 97 5 0 296
27 31 97 1 1 296
29 54 57 4 0 296
29 54 57 1 1 296
62 71 77 4 0 296
27 84 116 1 0 296
29 30 85 2 0 296
41 51 112 4 0 296
23 81 87 4 0 296
23 81 87 1 1 296
26 44 49 2 0 296
38 59 63 4 0 296
33 44 82 1 0 296
44 61 63 3 0 296
52 53 69 1 0 296
25 78 104 2 0 296
37 65 119 1 0 296
68 76 76 4 0 296
8 27
38 41 119 6 0 315
38 41 119 1 1 315
35 44 90 5 0 315
35 44 90 1 1 315
27 55 67 4 0 315
27 55 67 1 1 315
36 47 71 4 0 315
51 55 90 2 0 315
40 68 87 4 0 315
40 68 87 1 1 315
36 53 87 2 0 315
34 47 113 4 0 315
35 56 97 4 0 315
25 60 90 1 0 315
70 75 88 1 0 315
51 64 111 5 0 315
51 64 111 1 1 315
31 77 105 4 0 315
31 77 105 1 1 315
29 33 91 4 0 315
29 33 91 1 1 315
31 34 53 1 0 315
34 40 73 3 0 315
44 56 84 3 0 315
29 81 113 2 0 315
51 53 89 3 0 315
26 30 62 4 0 315
9 21
44 73 98 1 0 220
38 60 60 1 0 220
52 77 90 2 0 220
24 58 66 4 0 220
24 58 66 1 1 220
55 76 106 3 0 220
36 44 55 2 0 220
23 58 82 5 0 220
23 58 82 1 1 220
58 61 74 4 0 220
24 39 81 3 0 220
39 65 71 3 0 220
47 97 105 1 0 220
69 97 114 1 0 220
55 78 103 2 0 220
55 66 93 3 0 220
74 75 78 3 0 220
58 67 118 2 0 220
22 61 91 4 0 220
24 58 96 2 0 220
44 76 80 2 0 220
10 21
35 54 75 1 0 87
49 60 107 4 0 87
42 67 70 4 0 87
44 71 78 4 0 87
44 71 78 1 1 87
27 61 78 4 0 87
48 73 78 4 0 87
32 87 109 2 0 87
25 87 91 3 0 87
47 51 67 1 0 87
60 63 67 3 0 87
34 59 115 3 0 87
34 35 102 2 0 87
48 54 117 2 0 87
40 61 70 3 0 87
63 87 95 4 0 87
23 92 113 1 0 87
32 49 113 1 0 87
63 75 99 5 0 87
63 75 99 1 1 87
46 55 56 4 0 87
11 21
42 77 114 4 0 333
42 77 114 1 1 333
74 81 105 4 0 333
50 73 76 1 0 333
41 91 104 4 0 333
23 70 75 3 0 333
20 67 93 4 0 333
25 54 89 2 0 333
28 46 89 4 0 333
24 35 36 2 0 333
29 50 72 3 0 333
38 41 72 2 0 333
31 53 85 2 0 333
38 94 115 4 0 333
38 51 60 1 0 333
40 46 74 4 0 333
40 46 74 1 1 333
41 50 52 2 0 333
50 58 85 3 0 333
41 53 85 5 0 333
41 53 85 1 1 333
12 30
30 42 77 4 0 318
28 45 98 4 0 318
28 45 98 1 1 318
32 58 61 2 0 318
61 77 92 3 0 318
27 44 58 4 0 318
50 72 108 4 0 318
50 72 108 1 1 318
71 72 93 3 0 318
30 49 111 4 0 318
30 49 111 1 1 318
49 66 79 3 0 318
39 74 85 4 0 318
39 74 85 1 1 318
33 34 106 11 0 318
33 34 106 2 1 318
76 91 113 1 0 318
43 49 57 5 0 318
43 49 57 1 1 318
27 80 103 2 0 318
31 66 74 6 0 318
31 66 74 1 1 318
29 66 112 5 0 318
29 66 112 1 1 318
67 83 110 1 0 318
36 56 119 5 0 318
36 56 119 1 1 318
22 87 97 5 0 318
22 87 97 1 1 318
25 31 53 4 0 318
13 23
33 92 113 5 0 383
33 92 113 1 1 383
28 37 52 3 0 383
29 33 57 4 0 383
29 33 57 1 1 383
30 37 99 3 0 383
33 64 92 4 0 383
39 59 119 4 0 383
49 52 54 3 0 383
35 45 75 2 0 383
44 68 79 4 0 383
44 68 79 1 1 383
47 49 116 1 0 383
23 44 83 3 0 383
56 96 98 3 0 383
57 72 78 1 0 383
31 33 41 3 0 383
34 35 59 2 0 383
37 78 83 1 0 383
49 69 103 4 0 383
49 69 103 1 1 383
32 53 97 5 0 383
32 53 97 1 1 383
14 23
21 36 40 4 0 333
31 45 76 3 0 333
51 54 63 3 0 333
69 77 114 4 0 333
53 57 95 1 0 333
20 36 92 3 0 333
47 84 90 4 0 333
24 69 84 4 0 333
35 35 57 3 0 333
50 76 78 1 0 333
37 67 81 5 0 333
37 67 81 1 1 333
43 51 73 4 0 333
43 51 73 1 1 333
30 54 64 1 0 333
51 73 85 6 0 333
51 73 85 1 1 333
23 58 83 1 0 333
50 56 67 4 0 333
46 51 79 4 0 333
46 51 79 1 1 333
36 57 89 1 0 333
46 72 109 3 0 333
15 22
42 77 114 2 0 178
74 81 105 4 0 178
74 81 105 1 1 178
50 73 76 1 0 178
41 91 104 2 0 178
23 70 75 3 0 178
20 67 93 4 0 178
25 54 89 5 0 178
25 54 89 1 1 178
24 35 36 1 0 178
29 50 72 5 0 178
29 50 72 1 1 178
38 41 72 3 0 178
24 32 84 1 0 178
31 53 85 2 0 178
38 94 115 3 0 178
38 51 60 3 0 178
40 46 74 4 0 178
41 50 52 2 0 178
50 58 85 2 0 178
34 78 116 4 0 178
41 53 85 2 0 178
16 26
23 81 84 4 0 194
23 81 84 1 1 194
64 72 115 3 0 194
25 49 77 4 0 194
22 37 40 3 0 194
46 96 97 4 0 194
46 96 97 1 1 194
25 43 95 6 0 194
25 43 95 1 1 194
28 69 90 3 0 194
49 51 56 4 0 194
80 93 118 4 0 194
80 93 118 1 1 194
41 47 56 5 0 194
41 47 56 1 1 194
27 71 78 3 0 194
41 62 88 4 0 194
41 62 88 1 1 194
21 53 87 4 0 194
28 47 105 2 0 194
65 68 103 3 0 194
31 64 67 2 0 194
27 37 83 3 0 194
29 31 44 2 0 194
49 69 91 4 0 194
42 61 90 4 0 194
17 26
68 95 96 4 0 40
35 61 69 5 0 40
35 61 69 1 1 40
34 85 92 4 0 40
34 85 92 1 1 40
31 60 96 4 0 40
38 38 66 2 0 40
36 57 63 2 0 40
31 31 51 5 0 40
31 31 51 1 1 40
44 75 100 4 0 40
44 75 100 1 1 40
53 66 78 2 0 40
29 32 33 4 0 40
29 32 33 1 1 40
45 72 81 5 0 40
45 72 81 1 1 40
38 57 88 3 0 40
21 34 52 3 0 40
31 69 112 2 0 40
57 59 63 4 0 40
57 59 63 1 1 40
48 65 76 4 0 40
46 60 92 4 0 40
52 55 118 3 0 40
22 93 96 3 0 40
18 20
42 77 114 2 0 788
74 81 105 4 0 788
74 81 105 1 1 788
50 73 76 2 0 788
41 91 104 2 0 788
20 67 93 4 0 788
25 54 89 2 0 788
28 46 89 3 0 788
24 35 36 2 0 788
29 50 72 2 0 788
38 41 72 2 0 788
31 53 85 1 0 788
38 94 115 4 0 788
38 51 60 1 0 788
41 50 52 4 0 788
41 50 52 1 1 788
50 58 85 2 0 788
34 78 116 8 0 788
34 78 116 1 1 788
41 53 85 4 0 788
19 28
59 76 82 3 0 109
50 51 60 2 0 109
61 66 104 2 0 109
28 36 71 3 0 109
26 77 89 4 0 109
66 84 108 3 0 109
45 51 90 5 0 109
45 51 90 1 1 109
33 35 48 5 0 109
33 35 48 1 1 109
52 57 89 7 0 109
52 57 89 1 1 109
58 77 99 2 0 109
66 86 92 1 0 109
46 80 93 4 0 109
46 80 93 1 1 109
39 45 72 7 0 109
39 45 72 1 1 109
24 46 73 4 0 109
37 71 112 4 0 109
37 71 112 1 1 109
69 69 70 1 0 109
27 64 112 4 0 109
39 42 52 5 0 109
39 42 52 1 1 109
23 84 120 2 0 109
36 61 94 6 0 109
36 61 94 1 1 109
20 23
46 71 83 2 0 451
54 63 76 5 0 451
54 63 76 1 1 451
40 56 91 4 0 451
47 67 84 2 0 451
57 79 95 4 0 451
23 80 90 2 0 451
28 43 69 4 0 451
48 69 72 2 0 451
58 64 83 2 0 451
24 94 99 3 0 451
53 69 96 2 0 451
36 70 71 4 0 451
36 70 71 1 1 451
45 52 57 3 0 451
43 71 99 2 0 451
22 37 59 5 0 451
22 37 59 1 1 451
44 56 86 4 0 451
44 56 86 1 1 451
41 55 80 5 0 451
41 55 80 1 1 451
30 58 78 2 0 451
21 26
20 54 114 4 0 101
20 54 114 1 1 101
50 87 92 3 0 101
26 43 114 6 0 101
26 43 114 1 1 101
42 69 93 1 0 101
64 79 80 4 0 101
29 80 99 4 0 101
47 54 60 2 0 101
32 53 54 1 0 101
68 75 113 4 0 101
49 66 67 1 0 101
21 30 65 4 0 101
29 63 110 7 0 101
29 63 110 1 1 101
27 60 75 3 0 101
40 71 95 3 0 101
67 74 92 4 0 101
38 43 55 4 0 101
38 43 55 1 1 101
31 32 105 2 0 101
46 81 90 7 0 101
46 81 90 1 1 101
38 60 90 6 0 101
38 60 90 1 1 101
22 42 77 3 0 101
22 26
27 37 78 4 0 114
27 37 78 1 1 114
25 70 89 4 0 114
41 84 90 3 0 114
42 75 85 3 0 114
44 77 91 2 0 114
71 87 114 5 0 114
71 87 114 1 1 114
25 37 90 5 0 114
25 37 90 1 1 114
77 80 105 6 0 114
77 80 105 1 1 114
50 71 74 4 0 114
55 57 62 4 0 114
26 45 89 4 0 114
26 45 89 1 1 114
47 54 65 4 0 114
47 54 65 1 1 114
28 62 79 1 0 114
35 40 84 2 0 114
42 44 55 2 0 114
29 30 115 3 0 114
25 60 93 2 0 114
50 83 96 1 0 114
62 75 86 2 0 114
36 60 76 3 0 114
23 26
33 92 113 3 0 246
28 37 52 4 0 246
28 37 52 1 1 246
29 33 57 1 0 246
30 37 99 1 0 246
33 64 92 2 0 246
39 59 119 1 0 246
49 52 54 5 0 246
49 52 54 1 1 246
35 45 75 4 0 246
35 45 75 1 1 246
44 68 79 3 0 246
47 49 116 2 0 246
23 44 83 2 0 246
56 96 98 4 0 246
57 72 78 4 0 246
57 72 78 1 1 246
47 88 98 4 0 246
31 33 41 3 0 246
34 35 59 2 0 246
37 78 83 2 0 246
33 34 68 4 0 246
33 34 68 1 1 246
49 69 103 4 0 246
49 69 103 1 1 246
32 53 97 4 0 246
24 22
40 73 85 4 0 153
54 62 73 2 0 153
41 63 90 4 0 153
24 61 75 4 0 153
44 53 57 3 0 153
45 70 93 1 0 153
33 36 73 9 0 153
33 36 73 2 1 153
75 80 95 4 0 153
78 89 93 3 0 153
65 87 113 6 0 153
65 87 113 1 1 153
30 46 72 4 0 153
70 78 100 2 0 153
34 47 53 1 0 153
46 54 87 3 0 153
37 41 52 2 0 153
33 76 79 1 0 153
27 59 65 1 0 153
31 42 54 4 0 153
31 42 54 1 1 153
44 45 87 3 0 153
25 24
38 55 106 3 0 430
48 50 69 3 0 430
57 63 106 3 0 430
51 66 71 5 0 430
51 66 71 1 1 430
36 41 62 4 0 430
39 49 75 4 0 430
39 49 75 1 1 430
53 64 90 4 0 430
53 64 90 1 1 430
55 79 96 4 0 430
67 75 83 2 0 430
30 48 58 1 0 430
24 59 81 1 0 430
41 56 71 2 0 430
40 76 111 3 0 430
26 27 113 3 0 430
36 41 50 2 0 430
50 55 57 6 0 430
50 55 57 1 1 430
21 25 42 6 0 430
21 25 42 1 1 430
29 44 115 3 0 430
52 54 78 1 0 430
26 27
63 82 96 6 0 85
63 82 96 1 1 85
59 63 74 3 0 85
43 60 86 4 0 85
43 60 86 1 1 85
57 67 90 2 0 85
80 91 97 4 0 85
28 61 116 8 0 85
28 61 116 1 1 85
35 41 86 5 0 85
35 41 86 1 1 85
26 44 67 7 0 85
26 44 67 1 1 85
31 79 115 4 0 85
31 79 115 1 1 85
46 59 62 3 0 85
39 41 49 3 0 85
33 48 55 3 0 85
63 89 113 1 0 85
33 36 49 4 0 85
54 63 71 3 0 85
21 58 62 5 0 85
21 58 62 1 1 85
34 75 85 2 0 85
50 61 64 1 0 85
48 53 73 3 0 85
47 53 57 4 0 85
27 28
36 64 66 3 0 178
49 73 97 6 0 178
49 73 97 1 1 178
43 60 69 2 0 178
20 37 52 6 0 178
20 37 52 1 1 178
37 63 109 1 0 178
24 57 79 2 0 178
22 72 95 6 0 178
22 72 95 1 1 178
39 50 65 3 0 178
30 42 98 6 0 178
30 42 98 1 1 178
36 40 53 3 0 178
51 54 82 6 0 178
51 54 82 1 1 178
31 33 77 2 0 178
49 56 66 4 0 178
49 56 66 1 1 178
62 68 101 4 0 178
62 68 101 1 1 178
46 64 82 3 0 178
58 83 88 2 0 178
29 51 108 6 0 178
29 51 108 1 1 178
62 76 91 3 0 178
25 32 61 4 0 178
30 47 70 4 0 178
28 22
69 79 86 3 0 241
31 46 53 1 0 241
37 51 96 4 0 241
54 55 119 2 0 241
37 74 77 2 0 241
24 73 96 2 0 241
54 67 75 4 0 241
61 71 88 5 0 241
61 71 88 1 1 241
46 93 120 4 0 241
46 93 120 1 1 241
69 70 104 3 0 241
61 69 72 4 0 241
43 51 68 3 0 241
53 71 118 4 0 241
54 57 78 4 0 241
54 57 78 1 1 241
22 67 72 1 0 241
34 82 84 2 0 241
33 72 74 4 0 241
36 37 48 1 0 241
59 68 109 2 0 241
29 21
21 36 40 3 0 103
31 45 76 3 0 103
51 54 63 4 0 103
69 77 114 3 0 103
53 57 95 3 0 103
20 36 92 3 0 103
47 84 90 4 0 103
24 69 84 2 0 103
35 35 57 4 0 103
50 76 78 4 0 103
37 67 81 2 0 103
30 54 64 1 0 103
51 73 85 5 0 103
51 73 85 1 1 103
23 58 83 1 0 103
27 71 114 4 0 103
50 56 67 4 0 103
50 56 67 1 1 103
46 51 79 2 0 103
36 57 89 1 0 103
46 72 109 3 0 103
30 26
62 64 99 4 0 275
37 43 110 3 0 275
50 73 96 5 0 275
50 73 96 1 1 275
35 53 114 2 0 275
22 27 105 4 0 275
22 27 105 1 1 275
51 66 75 4 0 275
48 61 72 6 0 275
48 61 72 1 1 275
32 46 102 1 0 275
45 57 59 3 0 275
58 74 90 1 0 275
34 51 55 3 0 275
21 73 98 3 0 275
35 61 85 2 0 275
31 35 41 1 0 275
77 86 89 4 0 275
77 86 89 1 1 275
47 55 61 4 0 275
47 55 61 1 1 275
45 66 96 5 0 275
45 66 96 1 1 275
58 79 98 5 0 275
58 79 98 1 1 275
34 61 89 2 0 275
31 22
32 40 60 4 0 169
55 75 98 3 0 169
40 56 81 8 0 169
40 56 81 1 1 169
25 34 119 2 0 169
42 61 107 2 0 169
20 85 108 4 0 169
45 66 97 2 0 169
26 35 66 4 0 169
26 35 66 1 1 169
20 32 69 1 0 169
38 63 78 4 0 169
47 77 95 2 0 169
30 34 40 2 0 169
20 42 88 2 0 169
69 84 103 4 0 169
34 72 119 4 0 169
47 61 115 2 0 169
28 50 68 5 0 169
28 50 68 1 1 169
24 63 71 4 0 169
40 68 87 3 0 169
32 28
44 46 51 4 0 142
44 46 51 1 1 142
47 92 95 2 0 142
23 39 116 3 0 142
32 37 51 4 0 142
38 44 117 2 0 142
73 89 103 5 0 142
73 89 103 1 1 142
54 55 73 7 0 142
54 55 73 1 1 142
40 98 116 2 0 142
22 48 62 4 0 142
30 38 106 5 0 142
30 38 106 1 1 142
32 40 100 6 0 142
32 40 100 1 1 142
26 53 87 2 0 142
35 35 57 2 0 142
75 75 80 6 0 142
75 75 80 1 1 142
32 88 111 3 0 142
29 42 109 7 0 142
29 42 109 1 1 142
29 35 49 2 0 142
23 65 92 5 0 142
23 65 92 1 1 142
30 32 112 3 0 142
30 90 94 2 0 142
33 23
20 54 114 2 0 403
50 87 92 3 0 403
26 43 114 2 0 403
42 69 93 1 0 403
64 79 80 3 0 403
29 80 99 6 0 403
29 80 99 1 1 403
47 54 60 3 0 403
32 53 54 2 0 403
68 75 113 4 0 403
68 75 113 1 1 403
49 66 67 2 0 403
21 30 65 3 0 403
29 63 110 3 0 403
27 60 75 3 0 403
40 71 95 3 0 403
67 74 92 2 0 403
38 43 55 1 0 403
31 32 105 4 0 403
31 32 105 1 1 403
46 81 90 2 0 403
38 60 90 2 0 403
22 42 77 3 0 403
34 27
50 94 104 5 0 342
50 94 104 1 1 342
36 87 102 2 0 342
32 58 61 2 0 342
48 62 70 2 0 342
78 79 91 3 0 342
53 57 90 1 0 342
25 68 78 5 0 342
25 68 78 1 1 342
39 44 77 6 0 342
39 44 77 1 1 342
26 38 58 3 0 342
33 44 64 4 0 342
33 44 64 1 1 342
25 38 57 5 0 342
25 38 57 1 1 342
28 65 70 6 0 342
28 65 70 1 1 342
61 73 93 2 0 342
46 47 61 5 0 342
46 47 61 1 1 342
26 72 111 5 0 342
26 72 111 1 1 342
63 78 102 3 0 342
62 65 88 4 0 342
38 51 63 4 0 342
38 51 63 1 1 342
35 27
46 48 64 5 0 229
46 48 64 1 1 229
22 25 79 1 0 229
33 85 89 3 0 229
34 66 79 4 0 229
31 54 79 5 0 229
31 54 79 1 1 229
22 95 115 3 0 229
44 54 76 2 0 229
29 44 80 6 0 229
29 44 80 1 1 229
26 33 66 3 0 229
32 32 50 2 0 229
21 93 116 5 0 229
21 93 116 1 1 229
50 64 113 2 0 229
31 80 101 4 0 229
46 76 96 1 0 229
26 61 61 6 0 229
26 61 61 1 1 229
23 26 108 4 0 229
23 26 108 1 1 229
47 61 80 5 0 229
47 61 80 1 1 229
35 74 87 4 0 229
35 74 87 1 1 229
50 51 61 1 0 229
36 24
36 64 66 3 0 95
49 73 97 3 0 95
43 60 69 5 0 95
43 60 69 1 1 95
20 37 52 2 0 95
37 63 109 2 0 95
24 57 79 3 0 95
22 72 95 5 0 95
22 72 95 1 1 95
39 50 65 4 0 95
39 50 65 1 1 95
30 42 98 5 0 95
30 42 98 1 1 95
36 40 53 1 0 95
51 54 82 1 0 95
31 33 77 4 0 95
49 56 66 3 0 95
62 68 101 5 0 95
62 68 101 1 1 95
46 64 82 4 0 95
58 83 88 3 0 95
29 51 108 1 0 95
62 76 91 2 0 95
25 32 61 2 0 95
37 20
33 52 91 1 0 200
63 81 87 2 0 200
45 79 113 2 0 200
45 52 114 3 0 200
66 90 110 3 0 200
31 41 81 3 0 200
37 67 108 2 0 200
57 82 118 1 0 200
30 60 96 3 0 200
36 42 43 2 0 200
77 78 93 1 0 200
25 62 85 2 0 200
30 83 93 3 0 200
77 87 101 1 0 200
56 72 112 2 0 200
31 39 49 3 0 200
38 67 100 4 0 200
41 59 76 2 0 200
59 64 114 2 0 200
34 68 91 3 0 200
38 23
47 49 78 3 0 241
43 45 46 4 0 241
36 44 98 5 0 241
36 44 98 1 1 241
31 89 100 2 0 241
47 76 108 4 0 241
28 36 75 5 0 241
28 36 75 1 1 241
56 82 108 2 0 241
24 41 45 4 0 241
38 48 103 4 0 241
38 48 103 1 1 241
46 62 74 4 0 241
44 56 96 3 0 241
42 64 117 4 0 241
42 64 117 1 1 241
50 71 73 2 0 241
27 49 91 2 0 241
28 77 78 4 0 241
34 78 119 1 0 241
63 78 106 1 0 241
62 68 82 3 0 241
53 73 100 1 0 241
39 27
21 25 49 4 0 170
41 51 60 5 0 170
41 51 60 1 1 170
64 76 103 4 0 170
62 70 95 2 0 170
26 49 111 5 0 170
26 49 111 1 1 170
72 84 85 4 0 170
72 84 85 1 1 170
31 36 48 4 0 170
38 76 86 3 0 170
47 48 71 1 0 170
33 43 90 6 0 170
33 43 90 1 1 170
23 37 73 6 0 170
23 37 73 1 1 170
39 48 61 4 0 170
63 75 75 4 0 170
40 42 74 1 0 170
26 88 98 7 0 170
26 88 98 1 1 170
41 69 97 5 0 170
41 69 97 1 1 170
46 77 89 1 0 170
55 64 73 4 0 170
66 69 84 4 0 170
66 69 84 1 1 170
40 28
44 46 51 4 0 83
44 46 51 1 1 83
47 92 95 4 0 83
47 92 95 1 1 83
23 39 116 6 0 83
23 39 116 1 1 83
32 37 51 4 0 83
38 44 117 3 0 83
73 89 103 4 0 83
73 89 103 1 1 83
54 55 73 5 0 83
54 55 73 1 1 83
40 98 116 4 0 83
40 98 116 1 1 83
22 48 62 4 0 83
22 48 62 1 1 83
30 38 106 4 0 83
32 40 100 3 0 83
26 53 87 2 0 83
35 35 57 2 0 83
75 75 80 4 0 83
32 88 111 4 0 83
29 42 109 4 0 83
29 35 49 5 0 83
29 35 49 1 1 83
23 65 92 2 0 83
30 32 112 4 0 83
30 90 94 4 0 83
41 22
35 54 75 2 0 509
49 60 107 4 0 509
42 67 70 1 0 509
44 71 78 6 0 509
44 71 78 1 1 509
27 61 78 4 0 509
27 61 78 1 1 509
48 73 78 4 0 509
48 73 78 1 1 509
32 87 109 2 0 509
25 87 91 4 0 509
47 51 67 2 0 509
60 63 67 3 0 509
34 59 115 2 0 509
34 35 102 1 0 509
48 54 117 2 0 509
40 61 70 2 0 509
59 63 64 2 0 509
63 87 95 3 0 509
23 92 113 2 0 509
32 49 113 1 0 509
63 75 99 3 0 509
42 22
28 32 56 4 0 245
39 68 92 2 0 245
29 86 90 1 0 245
52 54 73 1 0 245
45 100 114 4 0 245
36 51 94 3 0 245
38 59 108 4 0 245
38 59 108 1 1 245
61 82 89 3 0 245
43 71 81 1 0 245
58 70 85 3 0 245
39 98 111 4 0 245
39 98 111 1 1 245
49 87 117 4 0 245
40 62 70 1 0 245
30 30 36 3 0 245
57 62 80 1 0 245
54 72 73 4 0 245
54 72 73 1 1 245
41 67 89 4 0 245
41 67 89 1 1 245
38 51 82 2 0 245
43 18
46 52 76 2 0 255
31 59 66 4 0 255
31 59 66 1 1 255
44 55 62 4 0 255
36 46 95 1 0 255
35 59 63 4 0 255
35 59 63 1 1 255
37 54 91 2 0 255
36 44 49 1 0 255
49 66 109 4 0 255
62 85 109 3 0 255
48 67 77 2 0 255
76 79 112 2 0 255
28 40 102 3 0 255
65 99 106 5 0 255
65 99 106 1 1 255
50 73 86 1 0 255
30 86 100 2 0 255
44 31
46 48 64 1 0 158
22 25 79 5 0 158
22 25 79 1 1 158
33 85 89 7 0 158
33 85 89 1 1 158
34 66 79 3 0 158
31 54 79 6 0 158
31 54 79 1 1 158
22 95 115 5 0 158
22 95 115 1 1 158
44 54 76 5 0 158
44 54 76 1 1 158
29 44 80 8 0 158
29 44 80 1 1 158
26 33 66 5 0 158
26 33 66 1 1 158
32 32 50 9 0 158
32 32 50 2 1 158
21 93 116 4 0 158
50 64 113 4 0 158
31 80 101 3 0 158
46 76 96 6 0 158
46 76 96 1 1 158
26 61 61 4 0 158
26 61 61 1 1 158
23 26 108 1 0 158
31 88 96 2 0 158
47 61 80 3 0 158
35 74 87 4 0 158
50 51 61 4 0 158
50 51 61 1 1 158
45 21
27 35 68 4 0 161
36 72 73 3 0 161
50 58 85 4 0 161
50 58 85 1 1 161
33 56 86 4 0 161
31 44 99 2 0 161
49 54 93 4 0 161
26 69 89 2 0 161
74 90 98 3 0 161
46 48 58 4 0 161
22 55 56 2 0 161
59 63 104 2 0 161
66 69 80 3 0 161
58 59 110 3 0 161
63 79 96 4 0 161
57 77 82 1 0 161
34 48 55 4 0 161
40 99 120 4 0 161
40 99 120 1 1 161
34 43 97 3 0 161
55 68 115 4 0 161
46 27
32 60 74 4 0 60
43 50 100 7 0 60
43 50 100 1 1 60
42 74 95 3 0 60
30 70 95 4 0 60
24 37 45 1 0 60
25 60 67 1 0 60
35 51 55 7 0 60
35 51 55 1 1 60
61 71 76 4 0 60
51 88 119 2 0 60
26 81 98 4 0 60
26 81 98 1 1 60
61 69 86 4 0 60
30 54 117 4 0 60
30 54 117 1 1 60
24 40 96 4 0 60
24 40 96 1 1 60
41 52 54 4 0 60
41 61 89 2 0 60
71 81 82 4 0 60
49 53 97 5 0 60
49 53 97 1 1 60
35 72 74 4 0 60
35 72 74 1 1 60
47 77 83 4 0 60
45 48 80 4 0 60
47 29
57 80 95 4 0 290
57 80 95 1 1 290
23 87 112 4 0 290
40 41 116 4 0 290
40 41 116 1 1 290
56 80 98 1 0 290
59 60 108 3 0 290
67 77 82 4 0 290
67 77 82 1 1 290
36 46 67 6 0 290
36 46 67 1 1 290
44 72 104 4 0 290
24 56 89 3 0 290
36 36 64 4 0 290
36 36 64 1 1 290
31 86 101 9 0 290
31 86 101 2 1 290
37 65 69 2 0 290
22 39 106 2 0 290
37 58 100 4 0 290
37 58 100 1 1 290
35 53 56 3 0 290
51 53 66 3 0 290
20 36 116 4 0 290
33 35 48 4 0 290
33 35 48 1 1 290
41 62 63 4 0 290
48 53 59 4 0 290
48 53 59 1 1 290
48 25
50 78 89 4 0 232
50 78 89 1 1 232
46 65 73 2 0 232
39 66 94 3 0 232
42 59 66 3 0 232
70 93 106 3 0 232
62 71 80 3 0 232
26 36 60 3 0 232
31 31 72 5 0 232
31 31 72 1 1 232
31 63 63 7 0 232
31 63 63 1 1 232
23 39 74 4 0 232
23 39 74 1 1 232
52 72 105 3 0 232
45 76 101 3 0 232
65 73 93 4 0 232
42 47 74 4 0 232
42 47 74 1 1 232
28 33 72 3 0 232
45 91 99 4 0 232
44 60 79 3 0 232
50 57 81 1 0 232
61 72 99 4 0 232
31 35 38 2 0 232
49 26
68 80 109 4 0 257
68 80 109 1 1 257
31 45 90 4 0 257
31 45 90 1 1 257
34 56 66 2 0 257
34 66 76 5 0 257
34 66 76 1 1 257
53 80 111 2 0 257
29 59 86 6 0 257
29 59 86 1 1 257
63 72 80 3 0 257
22 47 81 4 0 257
64 80 114 1 0 257
32 37 90 3 0 257
40 48 75 2 0 257
45 52 67 4 0 257
74 82 88 4 0 257
74 82 88 1 1 257
23 63 100 3 0 257
48 53 103 3 0 257
41 44 79 2 0 257
50 85 89 3 0 257
44 54 60 4 0 257
44 54 60 1 1 257
45 71 88 4 0 257
45 71 88 1 1 257
50 25
32 53 64 4 0 158
32 53 64 1 1 158
28 42 51 4 0 158
30 32 49 4 0 158
30 32 49 1 1 158
59 68 109 4 0 158
59 68 109 1 1 158
32 43 66 5 0 158
32 43 66 1 1 158
47 71 120 1 0 158
41 57 109 1 0 158
28 70 100 2 0 158
51 70 76 1 0 158
26 40 85 4 0 158
26 40 85 1 1 158
55 71 79 2 0 158
55 73 93 3 0 158
75 75 101 2 0 158
53 58 89 4 0 158
31 53 118 4 0 158
37 43 77 5 0 158
37 43 77 1 1 158
46 60 64 2 0 158
37 67 74 3 0 158
38 47 89 2 0 158
// node 1 node 2 distance
0	1	13.9
0	2	21.0
0	3	32.6
0	4	17.2
0	5	14.1
0	6	11.4
0	7	26.4
0	8	22.0
0	9	23.1
0	10	28.3
0	11	12.0
0	12	8.1
0	13	29.2
0	14	18.1
0	15	24.7
0	16	22.0
0	17	17.3
0	18	14.8
0	19	31.9
0	20	32.4
0	21	32.1
0	22	20.8
0	23	22.0
0	24	25.1
0	25	23.1
0	26	28.2
0	27	8.0
0	28	30.0
0	29	29.1
0	30	30.9
0	31	29.8
0	32	10.0
0	33	34.0
0	34	31.8
0	35	39.4
0	36	43.9
0	37	18.1
0	38	15.8
0	39	38.3
0	40	42.2
0	41	30.5
0	42	31.3
0	43	34.7
0	44	25.0
0	45	31.3
0	46	2.2
0	47	9.4
0	48	15.8
0	49	21.6
0	50	26.2
1	2	12.4
1	3	19.2
1	4	31.1
1	5	22.2
1	6	16.8
1	7	22.8
1	8	11.7
1	9	24.2
1	10	34.0
1	11	12.1
1	12	20.9
1	13	41.9
1	14	26.9
1	15	36.0
1	16	18.6
1	17	30.7
1	18	27.6
1	19	45.8
1	20	20.9
1	21	26.9
1	22	7.1
1	23	21.6
1	24	29.0
1	25	33.1
1	26	18.9
1	27	8.1
1	28	16.2
1	29	21.4
1	30	32.6
1	31	17.0
1	32	6.1
1	33	43.0
1	34	30.6
1	35	27.3
1	36	31.1
1	37	30.4
1	38	18.8
1	39	43.0
1	40	56.0
1	41	44.2
1	42	44.9
1	43	34.2
1	44	37.7
1	45	42.0
1	46	13.9
1	47	23.3
1	48	12.4
1	49	26.4
1	50	24.2
2	3	15.3
2	4	37.0
2	5	21.0
2	6	28.1
2	7	34.9
2	8	22.2
2	9	16.3
2	10	28.1
2	11	10.6
2	12	24.8
2	13	50.1
2	14	37.7
2	15	35.5
2	16	8.5
2	17	34.1
2	18	35.8
2	19	50.9
2	20	12.0
2	21	14.8
2	22	10.6
2	23	34.0
2	24	41.1
2	25	43.4
2	26	29.1
2	27	19.0
2	28	19.0
2	29	9.1
2	30	23.8
2	31	23.3
2	32	11.4
2	33	39.1
2	34	20.0
2	35	19.1
2	36	24.4
2	37	31.9
2	38	14.6
2	39	35.4
2	40	61.5
2	41	50.4
2	42	48.0
2	43	46.5
2	44	38.9
2	45	40.3
2	46	19.7
2	47	29.4
2	48	24.7
2	49	21.0
2	50	13.9
3	4	49.7
3	5	36.1
3	6	35.4
3	7	35.0
3	8	21.1
3	9	31.0
3	10	43.0
3	11	25.1
3	12	38.3
3	13	61.1
3	14	45.7
3	15	50.6
3	16	23.0
3	17	48.0
3	18	46.8
3	19	64.2
3	20	7.8
3	21	24.2
3	22	12.2
3	23	36.7
3	24	45.6
3	25	52.0
3	26	25.3
3	27	27.2
3	28	9.5
3	29	17.1
3	30	37.5
3	31	15.8
3	32	22.8
3	33	54.3
3	34	32.3
3	35	10.0
3	36	12.1
3	37	46.5
3	38	29.8
3	39	49.5
3	40	74.7
3	41	63.0
3	42	62.3
3	43	47.0
3	44	53.7
3	45	55.5
3	46	32.0
3	47	41.9
3	48	28.5
3	49	36.2
3	50	27.3
4	5	20.4
4	6	21.0
4	7	37.1
4	8	37.6
4	9	32.8
4	10	31.4
4	11	26.6
4	12	12.5
4	13	15.0
4	14	17.9
4	15	18.9
4	16	35.3
4	17	7.6
4	18	7.6
4	19	14.8
4	20	48.9
4	21	44.9
4	22	38.0
4	23	31.3
4	24	28.6
4	25	17.7
4	26	42.6
4	27	24.2
4	28	47.0
4	29	43.9
4	30	38.0
4	31	46.2
4	32	26.9
4	33	30.5
4	34	41.6
4	35	56.0
4	36	60.8
4	37	12.6
4	38	26.6
4	39	40.5
4	40	25.0
4	41	13.5
4	42	16.0
4	43	40.9
4	44	14.9
4	45	24.8
4	46	17.7
4	47	7.8
4	48	29.4
4	49	28.1
4	50	37.6
5	6	25.5
5	7	40.2
5	8	33.2
5	9	12.4
5	10	14.2
5	11	11.2
5	12	9.2
5	13	35.4
5	14	30.5
5	15	14.6
5	16	16.3
5	17	14.8
5	18	23.2
5	19	31.9
5	20	32.8
5	21	25.1
5	22	27.1
5	23	36.1
5	24	38.8
5	25	34.0
5	26	40.2
5	27	20.6
5	28	37.1
5	29	25.5
5	30	18.2
5	31	39.1
5	32	16.1
5	33	20.9
5	34	21.2
5	35	39.7
5	36	45.3
5	37	11.3
5	38	7.1
5	39	24.2
5	40	42.4
5	41	32.7
5	42	27.6
5	43	48.8
5	44	18.0
5	45	20.0
5	46	12.0
5	47	15.1
5	48	29.2
5	49	8.2
5	50	17.5
6	7	16.5
6	8	18.0
6	9	34.0
6	10	39.7
6	11	21.8
6	12	18.0
6	13	27.2
6	14	10.3
6	15	34.4
6	16	31.6
6	17	24.7
6	18	14.6
6	19	34.9
6	20	37.6
6	21	41.3
6	22	23.3
6	23	11.2
6	24	13.9
6	25	16.6
6	26	21.8
6	27	9.1
6	28	29.7
6	29	37.0
6	30	42.1
6	31	27.2
6	32	17.0
6	33	44.7
6	34	42.4
6	35	44.0
6	36	47.4
6	37	27.3
6	38	26.8
6	39	49.7
6	40	44.0
6	41	32.0
6	42	37.0
6	43	23.3
6	44	33.2
6	45	41.1
6	46	13.6
6	47	15.5
6	48	8.9
6	49	33.0
6	50	36.4
7	8	14.0
7	9	46.1
7	10	54.0
7	11	33.3
7	12	34.0
7	13	39.8
7	14	21.6
7	15	50.7
7	16	41.3
7	17	41.2
7	18	30.0
7	19	50.2
7	20	40.3
7	21	49.7
7	22	25.7
7	23	6.1
7	24	14.2
7	25	26.9
7	26	11.2
7	27	19.8
7	28	26.3
7	29	43.7
7	30	54.6
7	31	20.9
7	32	27.0
7	33	60.4
7	34	53.3
7	35	45.0
7	36	46.4
7	37	43.7
7	38	39.6
7	39	63.8
7	40	58.2
7	41	46.5
7	42	53.2
7	43	12.0
7	44	49.7
7	45	57.4
7	46	28.3
7	47	32.0
7	48	11.3
7	49	46.8
7	50	46.9
8	9	35.8
8	10	45.6
8	11	23.7
8	12	30.0
8	13	45.2
8	14	27.6
8	15	46.3
8	16	29.7
8	17	39.2
8	18	32.2
8	19	52.2
8	20	26.3
8	21	36.9
8	22	12.1
8	23	15.8
8	24	25.1
8	25	33.9
8	26	7.2
8	27	14.0
8	28	13.0
8	29	30.4
8	30	44.2
8	31	9.2
8	32	17.5
8	33	54.1
8	34	41.7
8	35	31.0
8	36	32.8
8	37	40.0
8	38	30.4
8	39	54.7
8	40	61.7
8	41	49.7
8	42	53.0
8	43	26.1
8	44	47.0
8	45	52.6
8	46	23.0
8	47	30.6
8	48	9.2
8	49	38.0
8	50	35.4
9	10	12.0
9	11	12.8
9	12	21.0
9	13	47.7
9	14	41.0
9	15	23.3
9	16	8.0
9	17	26.9
9	18	35.0
9	19	43.8
9	20	25.5
9	21	13.5
9	22	26.0
9	23	43.3
9	24	47.9
9	25	45.3
9	26	43.0
9	27	26.6
9	28	35.2
9	29	16.2
9	30	8.5
9	31	39.0
9	32	19.1
9	33	23.8
9	34	9.0
9	35	31.6
9	36	37.6
9	37	22.8
9	38	7.3
9	39	19.3
9	40	54.2
9	41	44.9
9	42	38.6
9	43	56.3
9	44	28.4
9	45	26.4
9	46	20.9
9	47	27.0
9	48	34.8
9	49	6.4
9	50	5.7
10	11	21.9
10	12	22.8
10	13	46.2
10	14	44.3
10	15	15.8
10	16	20.0
10	17	24.1
10	18	36.1
10	19	38.8
10	20	37.5
10	21	23.7
10	22	37.1
10	23	50.2
10	24	53.0
10	25	47.2
10	26	52.8
10	27	34.2
10	28	46.7
10	29	27.9
10	30	9.2
10	31	50.0
10	32	28.2
10	33	12.1
10	34	15.6
10	35	43.4
10	36	49.5
10	37	19.0
10	38	15.2
10	39	10.0
10	40	48.4
10	41	41.2
10	42	32.0
10	43	63.0
10	44	21.8
10	45	16.3
10	46	26.2
10	47	28.2
10	48	42.8
10	49	7.6
10	50	16.8
11	12	14.2
11	13	40.3
11	14	30.0
11	15	25.7
11	16	10.0
11	17	23.4
11	18	26.2
11	19	40.3
11	20	22.7
11	21	20.0
11	22	16.0
11	23	30.5
11	24	35.7
11	25	35.1
11	26	30.9
11	27	13.9
11	28	26.0
11	29	17.5
11	30	21.3
11	31	28.4
11	32	6.4
11	33	31.3
11	34	20.6
11	35	29.7
11	36	35.0
11	37	21.5
11	38	6.7
11	39	31.1
11	40	50.9
11	41	40.0
11	42	37.4
11	43	43.6
11	44	28.6
11	45	31.1
11	46	10.2
11	47	19.2
11	48	22.0
11	49	14.3
11	50	14.6
12	13	26.9
12	14	21.5
12	15	16.8
12	16	22.8
12	17	9.8
12	18	14.0
12	19	26.2
12	20	36.8
12	21	32.6
12	22	27.3
12	23	29.2
12	24	30.5
12	25	24.7
12	26	36.2
12	27	16.0
12	28	37.0
12	29	31.4
12	30	27.5
12	31	37.5
12	32	15.7
12	33	26.6
12	34	30.0
12	35	43.8
12	36	48.9
12	37	10.0
12	38	14.3
12	39	32.8
12	40	36.8
12	41	25.8
12	42	24.2
12	43	41.2
12	44	17.0
12	45	23.4
12	46	7.1
12	47	6.0
12	48	23.8
12	49	17.5
12	50	25.5
13	14	18.4
13	15	32.3
13	16	49.6
13	17	22.1
13	18	14.4
13	19	14.4
13	20	61.6
13	21	59.5
13	22	48.9
13	23	33.8
13	24	27.2
13	25	13.2
13	26	48.3
13	27	34.0
13	28	56.6
13	29	57.8
13	30	53.0
13	31	54.4
13	32	39.1
13	33	43.7
13	34	56.6
13	35	68.5
13	36	72.8
13	37	27.2
13	38	41.2
13	39	54.9
13	40	19.0
13	41	9.4
13	42	21.9
13	43	39.0
13	44	26.9
13	45	37.2
13	46	30.4
13	47	21.2
13	48	36.1
13	49	43.1
13	50	52.4
14	15	35.4
14	16	40.0
14	17	24.2
14	18	10.3
14	19	29.0
14	20	47.8
14	21	50.0
14	22	33.5
14	23	15.5
14	24	10.8
14	25	6.4
14	26	30.0
14	27	19.0
14	28	39.8
14	29	46.4
14	30	48.4
14	31	36.8
14	32	26.3
14	33	46.7
14	34	49.8
14	35	54.2
14	36	57.7
14	37	28.3
14	38	33.7
14	39	54.2
14	40	36.7
14	41	25.1
14	42	33.2
14	43	23.1
14	44	32.4
14	45	41.9
14	46	20.2
14	47	16.4
14	48	18.4
14	49	38.6
14	50	44.3
15	16	29.7
15	17	11.4
15	18	25.5
15	19	23.2
15	20	47.0
15	21	36.8
15	22	41.4
15	23	45.6
15	24	45.6
15	25	36.4
15	26	52.8
15	27	32.6
15	28	51.5
15	29	38.8
15	30	24.6
15	31	53.0
15	32	30.1
15	33	11.7
15	34	30.2
15	35	53.7
15	36	59.5
15	37	7.2
15	38	21.0
15	39	23.0
15	40	32.6
15	41	26.0
15	42	16.2
15	43	57.1
15	44	6.1
15	45	6.7
15	46	23.3
15	47	19.4
15	48	40.5
15	49	17.0
15	50	29.0
16	17	30.8
16	18	35.9
16	19	48.0
16	20	17.7
16	21	10.0
16	22	18.9
16	23	39.4
16	24	45.4
16	25	45.1
16	26	36.8
16	27	23.1
16	28	27.5
16	29	9.2
16	30	15.2
16	31	31.8
16	32	14.9
16	33	31.6
16	34	12.0
16	35	24.2
16	36	30.1
16	37	27.6
16	38	9.2
16	39	26.9
16	40	58.6
16	41	48.4
16	42	43.8
16	43	52.3
16	44	34.1
16	45	33.6
16	46	20.1
16	47	28.5
16	48	30.4
16	49	13.6
16	50	5.7
17	18	14.1
17	19	17.2
17	20	46.1
17	21	39.8
17	22	37.2
17	23	35.7
17	24	34.7
17	25	25.0
17	26	45.0
17	27	25.2
17	28	46.8
17	29	39.8
17	30	31.3
17	31	47.1
17	32	25.5
17	33	23.0
17	34	35.4
17	35	53.2
17	36	58.4
17	37	5.1
17	38	21.6
17	39	33.0
17	40	27.8
17	41	18.0
17	42	14.3
17	43	46.5
17	44	8.5
17	45	17.7
17	46	16.8
17	47	9.2
17	48	32.1
17	49	21.6
17	50	32.2
18	19	20.4
18	20	47.2
18	21	45.9
18	22	34.7
18	23	24.0
18	24	21.0
18	25	11.2
18	26	36.4
18	27	19.8
18	28	42.8
18	29	43.7
18	30	41.4
18	31	41.2
18	32	24.7
18	33	37.0
18	34	44.0
18	35	54.1
18	36	58.4
18	37	18.6
18	38	28.1
18	39	45.7
18	40	29.5
18	41	17.5
18	42	23.3
18	43	33.2
18	44	22.2
18	45	31.8
18	46	16.2
18	47	8.1
18	48	23.4
18	49	31.4
18	50	39.2
19	20	62.9
19	21	56.9
19	22	52.7
19	23	44.1
19	24	39.3
19	25	25.7
19	26	56.8
19	27	38.9
19	28	61.8
19	29	57.0
19	30	47.1
19	31	60.9
19	32	41.4
19	33	33.1
19	34	52.0
19	35	70.0
19	36	75.1
19	37	21.0
19	38	38.8
19	39	46.0
19	40	10.6
19	41	5.0
19	42	8.5
19	43	51.6
19	44	17.1
19	45	26.2
19	46	32.2
19	47	22.5
19	48	43.7
19	49	38.1
19	50	49.2
20	21	16.8
20	22	15.0
20	23	41.0
20	24	49.4
20	25	53.9
20	26	31.6
20	27	28.8
20	28	16.6
20	29	10.0
20	30	31.0
20	31	22.8
20	32	22.5
20	33	49.2
20	34	25.3
20	35	7.1
20	36	12.5
20	37	43.8
20	38	25.9
20	39	43.0
20	40	73.5
20	41	62.4
20	42	60.0
20	43	52.3
20	44	50.8
20	45	51.3
20	46	31.4
20	47	41.2
20	48	32.1
20	49	31.3
20	50	21.0
21	22	25.0
21	23	48.4
21	24	54.9
21	25	55.1
21	26	43.6
21	27	32.6
21	28	31.4
21	29	7.2
21	30	15.5
21	31	36.8
21	32	24.3
21	33	35.8
21	34	9.1
21	35	21.0
21	36	27.0
21	37	36.1
21	38	18.4
21	39	27.2
21	40	67.4
21	41	57.7
21	42	52.0
21	43	61.1
21	44	41.9
21	45	39.4
21	46	30.1
21	47	38.3
21	48	39.2
21	49	19.8
21	50	7.8
22	23	26.0
22	24	34.4
22	25	39.8
22	26	18.6
22	27	15.0
22	28	10.0
22	29	18.4
22	30	34.0
22	31	13.0
22	32	11.7
22	33	47.2
22	34	30.6
22	35	20.9
22	36	24.2
22	37	36.4
22	38	22.2
22	39	45.3
22	40	63.0
22	41	51.2
22	42	51.5
22	43	37.7
22	44	43.7
22	45	47.1
22	46	20.6
22	47	30.2
22	48	17.1
22	49	29.6
22	50	24.4
23	24	9.4
23	25	21.0
23	26	15.6
23	27	16.6
23	28	28.8
23	29	43.0
23	30	51.6
23	31	24.2
23	32	24.6
23	33	55.8
23	34	51.0
23	35	46.4
23	36	48.5
23	37	38.5
23	38	36.4
23	39	60.1
23	40	52.2
23	41	40.4
23	42	47.3
23	43	13.0
23	44	44.3
23	45	52.3
23	46	24.1
23	47	26.6
23	48	9.2
23	49	43.2
23	50	44.7
24	25	14.0
24	26	24.8
24	27	22.4
24	28	38.1
24	29	50.2
24	30	55.9
24	31	33.6
24	32	30.6
24	33	56.6
24	34	56.3
24	35	55.1
24	36	57.6
24	37	38.4
24	38	40.7
24	39	63.0
24	40	46.1
24	41	35.1
24	42	44.0
24	43	12.4
24	44	43.0
24	45	52.2
24	46	27.3
24	47	26.2
24	48	17.3
24	49	46.6
24	50	50.3
25	26	36.1
25	27	25.1
25	28	46.2
25	29	52.0
25	30	52.2
25	31	43.1
25	32	32.0
25	33	48.0
25	34	54.2
25	35	60.4
25	36	64.0
25	37	29.7
25	38	38.1
25	39	56.9
25	40	32.1
25	41	21.2
25	42	31.3
25	43	26.1
25	44	32.5
25	45	42.5
25	46	25.0
25	47	19.0
25	48	24.8
25	49	42.2
25	50	49.0
26	27	20.2
26	28	16.0
26	29	36.9
26	30	51.4
26	31	10.0
26	32	24.6
26	33	61.0
26	34	48.8
26	35	35.4
26	36	36.0
26	37	46.3
26	38	37.6
26	39	61.9
26	40	65.8
26	41	53.8
26	42	58.3
26	43	22.4
26	44	53.1
26	45	59.2
26	46	29.4
26	47	36.1
26	48	13.2
26	49	45.2
26	50	42.4
27	28	23.0
27	29	28.0
27	30	35.0
27	31	22.1
27	32	8.2
27	33	41.2
27	34	34.4
27	35	35.3
27	36	39.1
27	37	26.1
27	38	19.8
27	39	43.9
27	40	48.9
27	41	36.9
27	42	39.1
27	43	29.7
27	44	33.0
27	45	39.1
27	46	9.2
27	47	16.8
27	48	8.6
27	49	26.9
27	50	28.2
28	29	24.2
28	30	42.7
28	31	6.3
28	32	21.6
28	33	57.1
28	34	38.5
28	35	19.4
28	36	20.1
28	37	46.3
28	38	32.1
28	39	54.4
28	40	71.9
28	41	59.9
28	42	61.1
28	43	38.1
28	44	53.6
28	45	57.1
28	46	30.1
28	47	39.4
28	48	21.6
28	49	39.3
28	50	32.7
29	30	21.0
29	31	29.7
29	32	20.1
29	33	39.8
29	34	15.3
29	35	15.5
29	36	21.6
29	37	36.8
29	38	18.4
29	39	33.0
29	40	67.6
29	41	57.1
29	42	53.0
29	43	55.4
29	44	43.3
29	45	42.5
29	46	27.5
29	47	36.7
29	48	33.7
29	49	22.4
29	50	11.2
30	31	47.0
30	32	27.6
30	33	20.8
30	34	6.7
30	35	36.2
30	36	42.3
30	37	26.5
30	38	15.3
30	39	12.0
30	40	57.0
30	41	49.0
30	42	40.7
30	43	64.6
30	44	30.5
30	45	25.5
30	46	28.6
30	47	33.4
30	48	43.3
30	49	10.0
30	50	10.2
31	32	23.0
31	33	59.7
31	34	43.3
31	35	25.7
31	36	26.0
31	37	47.3
31	38	34.9
31	39	58.3
31	40	70.7
31	41	58.6
31	42	61.1
31	43	32.4
31	44	54.5
31	45	59.0
31	46	30.4
31	47	38.9
31	48	18.4
31	49	42.4
31	50	37.2
32	33	36.9
32	34	26.4
32	35	29.4
32	36	34.0
32	37	24.7
32	38	13.0
32	39	37.4
32	40	51.9
32	41	40.3
32	42	39.8
32	43	37.6
32	44	32.0
32	45	36.0
32	46	9.2
32	47	19.1
32	48	15.8
32	49	20.6
32	50	20.1
33	34	27.5
33	35	55.4
33	36	61.4
33	37	18.4
33	38	25.0
33	39	13.9
33	40	41.2
33	41	36.7
33	42	25.0
33	43	67.8
33	44	16.8
33	45	7.0
33	46	32.2
33	47	30.4
33	48	49.7
33	49	18.1
33	50	28.8
34	35	30.0
34	36	36.1
34	37	31.0
34	38	16.1
34	39	18.1
34	40	62.2
34	41	53.5
34	42	46.1
34	43	64.0
34	44	35.8
34	45	31.8
34	46	29.6
34	47	36.0
34	48	42.2
34	49	13.9
34	50	6.4
35	36	6.1
35	37	50.8
35	38	32.8
35	39	48.1
35	40	80.6
35	41	69.4
35	42	67.0
35	43	57.0
35	44	57.7
35	45	57.8
35	46	38.4
35	47	48.3
35	48	37.9
35	49	37.7
35	50	26.7
36	37	56.3
36	38	38.5
36	39	54.1
36	40	85.6
36	41	74.2
36	42	72.4
36	43	58.2
36	44	63.3
36	45	63.7
36	46	43.1
36	47	53.0
36	48	40.5
36	49	43.7
36	50	32.8
37	38	18.4
37	39	27.9
37	40	31.4
37	41	22.6
37	42	16.3
37	43	49.9
37	44	7.3
37	45	13.9
37	46	17.0
37	47	12.2
37	48	33.7
37	49	17.1
37	50	28.3
38	39	24.4
38	40	49.4
38	41	39.4
38	42	34.7
38	43	49.4
38	44	25.0
38	45	25.7
38	46	13.6
38	47	20.2
38	48	28.3
38	49	7.6
38	50	11.2
39	40	54.7
39	41	49.0
39	42	38.3
39	43	72.9
39	44	29.0
39	45	20.6
39	46	36.1
39	47	38.0
39	48	52.5
39	49	17.0
39	50	22.2
40	41	12.1
40	42	16.5
40	43	58.0
40	44	26.6
40	45	34.2
40	46	42.6
40	47	32.8
40	48	52.9
40	49	48.3
40	50	59.7
41	42	13.0
41	43	47.3
41	44	20.1
41	45	29.8
41	46	31.1
41	47	21.2
41	48	40.9
41	49	39.6
41	50	50.2
42	43	56.3
42	44	10.3
42	45	18.0
42	46	31.0
42	47	22.4
42	48	45.2
42	49	32.4
42	50	44.2
43	44	55.0
43	45	63.8
43	46	36.8
43	47	37.7
43	48	21.9
43	49	56.1
43	50	57.7
44	45	10.3
44	46	24.1
44	47	17.7
44	48	40.3
44	49	22.2
44	50	34.1
45	46	29.8
45	47	26.1
45	48	47.1
45	49	20.1
45	50	31.9
46	47	9.9
46	48	17.5
46	49	19.4
46	50	24.1
47	48	23.0
47	49	23.3
47	50	31.4
48	49	35.5
48	50	35.8
49	50	12.0