// 1
1 3
// class: -
// number of customers
// number of vehicles
// number of box types
// number of items
50 50 300 3535
// max-weight height width length of vehicles (cm)
// 
160000 220 233 587
// node no-box-types / h w l no. boxes frag weight
0 0
1 6
50 74 76 23 0 90
50 74 76 5 1 90
29 40 86 19 0 90
29 40 86 4 1 90
48 55 66 21 0 90
48 55 66 5 1 90
2 6
47 66 118 18 0 566
47 66 118 4 1 566
25 56 99 10 0 566
25 56 99 2 1 566
48 83 91 16 0 566
48 83 91 3 1 566
3 6
35 54 75 27 0 179
35 54 75 6 1 179
49 60 107 16 0 179
49 60 107 4 1 179
42 67 70 29 0 179
42 67 70 7 1 179
4 6
29 80 113 9 0 150
29 80 113 2 1 150
62 65 98 25 0 150
62 65 98 6 1 150
46 59 60 15 0 150
46 59 60 3 1 150
5 6
62 77 85 12 0 338
62 77 85 2 1 338
32 63 94 13 0 338
32 63 94 3 1 338
45 75 83 26 0 338
45 75 83 6 1 338
6 6
41 71 86 15 0 200
41 71 86 3 1 200
58 58 75 28 0 200
58 58 75 7 1 200
27 81 100 18 0 200
27 81 100 4 1 200
7 6
28 33 87 28 0 213
28 33 87 6 1 213
57 70 97 17 0 213
57 70 97 4 1 213
38 57 71 28 0 213
38 57 71 6 1 213
8 6
37 69 78 14 0 534
37 69 78 3 1 534
58 90 115 15 0 534
58 90 115 3 1 534
20 53 68 7 0 534
20 53 68 1 1 534
9 6
31 48 68 28 0 122
31 48 68 6 1 122
63 80 104 19 0 122
63 80 104 4 1 122
21 46 82 27 0 122
21 46 82 6 1 122
10 6
44 73 98 16 0 92
44 73 98 3 1 92
38 60 60 16 0 92
38 60 60 3 1 92
60 73 105 13 0 92
60 73 105 3 1 92
11 6
63 70 90 14 0 441
63 70 90 3 1 441
28 78 84 10 0 441
28 78 84 2 1 441
39 85 94 12 0 441
39 85 94 2 1 441
12 6
61 63 74 18 0 432
61 63 74 4 1 432
25 60 71 21 0 432
25 60 71 5 1 432
59 80 106 16 0 432
59 80 106 3 1 432
13 6
37 44 100 22 0 294
37 44 100 5 1 294
55 78 90 21 0 294
55 78 90 5 1 294
42 57 65 20 0 294
42 57 65 5 1 294
14 6
26 39 41 30 0 244
26 39 41 7 1 244
34 40 110 25 0 244
34 40 110 6 1 244
52 77 94 15 0 244
52 77 94 3 1 244
15 6
31 33 100 20 0 133
31 33 100 4 1 133
42 68 84 21 0 133
42 68 84 5 1 133
31 84 95 20 0 133
31 84 95 5 1 133
16 6
26 42 64 20 0 185
26 42 64 5 1 185
52 58 92 17 0 185
52 58 92 4 1 185
21 85 92 28 0 185
21 85 92 7 1 185
17 6
55 60 110 10 0 88
55 60 110 2 1 88
71 78 80 12 0 88
71 78 80 3 1 88
50 75 110 6 0 88
50 75 110 1 1 88
18 6
26 45 60 30 0 455
26 45 60 7 1 455
39 43 71 20 0 455
39 43 71 5 1 455
64 71 99 23 0 455
64 71 99 5 1 455
19 6
48 49 59 18 0 118
48 49 59 4 1 118
46 63 79 24 0 118
46 63 79 5 1 118
38 58 95 20 0 118
38 58 95 5 1 118
20 6
61 63 74 12 0 636
61 63 74 3 1 636
25 60 71 13 0 636
25 60 71 3 1 636
59 80 106 11 0 636
59 80 106 2 1 636
21 6
28 33 87 17 0 126
28 33 87 4 1 126
57 70 97 20 0 126
57 70 97 5 1 126
38 57 71 14 0 126
38 57 71 3 1 126
22 6
32 50 91 16 0 119
32 50 91 4 1 119
40 66 118 19 0 119
40 66 118 4 1 119
32 69 75 20 0 119
32 69 75 4 1 119
23 6
28 32 56 20 0 186
28 32 56 4 1 186
39 68 92 19 0 186
39 68 92 4 1 186
29 86 90 32 0 186
29 86 90 7 1 186
24 6
46 71 83 22 0 196
46 71 83 5 1 196
54 63 76 12 0 196
54 63 76 2 1 196
40 56 91 8 0 196
40 56 91 2 1 196
25 6
42 77 114 12 0 903
42 77 114 2 1 903
74 81 105 8 0 903
74 81 105 2 1 903
50 73 76 6 0 903
50 73 76 1 1 903
26 6
69 73 75 19 0 92
69 73 75 4 1 92
40 56 66 20 0 92
40 56 66 4 1 92
41 51 64 24 0 92
41 51 64 5 1 92
27 6
37 73 90 22 0 187
37 73 90 5 1 187
33 95 102 20 0 187
33 95 102 4 1 187
30 38 117 24 0 187
30 38 117 5 1 187
28 6
46 81 105 11 0 350
46 81 105 2 1 350
61 81 115 8 0 350
61 81 115 2 1 350
23 51 72 14 0 350
23 51 72 3 1 350
29 6
25 67 114 22 0 76
25 67 114 5 1 76
25 79 92 25 0 76
25 79 92 6 1 76
36 87 89 16 0 76
36 87 89 4 1 76
30 6
48 49 59 24 0 206
48 49 59 6 1 206
46 63 79 27 0 206
46 63 79 6 1 206
38 58 95 24 0 206
38 58 95 5 1 206
31 6
48 49 59 20 0 120
48 49 59 4 1 120
46 63 79 31 0 120
46 63 79 7 1 120
38 58 95 24 0 120
38 58 95 5 1 120
32 6
36 73 73 29 0 118
36 73 73 7 1 118
26 49 87 28 0 118
26 49 87 6 1 118
44 53 68 25 0 118
44 53 68 6 1 118
33 6
38 41 119 33 0 191
38 41 119 8 1 191
35 44 90 31 0 191
35 44 90 7 1 191
27 55 67 33 0 191
27 55 67 8 1 191
34 6
58 72 78 21 0 400
58 72 78 5 1 400
57 57 107 14 0 400
57 57 107 3 1 400
37 64 72 18 0 400
37 64 72 4 1 400
35 6
69 73 75 18 0 236
69 73 75 4 1 236
40 56 66 18 0 236
40 56 66 4 1 236
41 51 64 23 0 236
41 51 64 5 1 236
36 6
21 36 40 43 0 44
21 36 40 10 1 44
31 45 76 29 0 44
31 45 76 7 1 44
51 54 63 36 0 44
51 54 63 9 1 44
37 6
28 34 119 17 0 157
28 34 119 4 1 157
48 69 84 17 0 157
48 69 84 4 1 157
78 82 97 12 0 157
78 82 97 3 1 157
38 6
63 82 96 10 0 394
63 82 96 2 1 394
59 63 74 16 0 394
59 63 74 3 1 394
43 60 86 6 0 394
43 60 86 1 1 394
39 6
57 65 86 36 0 112
57 65 86 8 1 112
32 37 61 32 0 112
32 37 61 8 1 112
27 33 39 32 0 112
27 33 39 8 1 112
40 6
51 79 118 15 0 129
51 79 118 3 1 129
31 32 86 12 0 129
31 32 86 2 1 129
52 58 64 18 0 129
52 58 64 4 1 129
41 6
21 25 49 17 0 391
21 25 49 4 1 391
41 51 60 21 0 391
41 51 60 5 1 391
64 76 103 18 0 391
64 76 103 4 1 391
42 6
51 79 118 19 0 183
51 79 118 4 1 183
31 32 86 23 0 183
31 32 86 5 1 183
52 58 64 16 0 183
52 58 64 4 1 183
43 6
36 73 73 20 0 125
36 73 73 5 1 125
26 49 87 28 0 125
26 49 87 6 1 125
44 53 68 24 0 125
44 53 68 5 1 125
44 6
50 74 76 28 0 168
50 74 76 6 1 168
29 40 86 25 0 168
29 40 86 6 1 168
48 55 66 24 0 168
48 55 66 6 1 168
45 6
31 48 68 13 0 212
31 48 68 3 1 212
63 80 104 18 0 212
63 80 104 4 1 212
21 46 82 8 0 212
21 46 82 1 1 212
46 6
54 59 78 17 0 69
54 59 78 4 1 69
20 52 120 24 0 69
20 52 120 5 1 69
54 67 100 18 0 69
54 67 100 4 1 69
47 6
50 51 65 18 0 362
50 51 65 4 1 362
28 78 113 20 0 362
28 78 113 4 1 362
32 35 120 19 0 362
32 35 120 4 1 362
48 6
42 77 114 15 0 361
42 77 114 3 1 361
74 81 105 8 0 361
74 81 105 2 1 361
50 73 76 16 0 361
50 73 76 3 1 361
49 6
63 82 96 11 0 486
63 82 96 2 1 486
59 63 74 12 0 486
59 63 74 2 1 486
43 60 86 8 0 486
43 60 86 2 1 486
50 6
31 48 68 11 0 185
31 48 68 2 1 185
63 80 104 16 0 185
63 80 104 4 1 185
21 46 82 17 0 185
21 46 82 4 1 185
// node 1 node 2 distance
0	1	13.9
0	2	21.0
0	3	32.6
0	4	17.2
0	5	14.1
0	6	11.4
0	7	26.4
0	8	22.0
0	9	23.1
0	10	28.3
0	11	12.0
0	12	8.1
0	13	29.2
0	14	18.1
0	15	24.7
0	16	22.0
0	17	17.3
0	18	14.8
0	19	31.9
0	20	32.4
0	21	32.1
0	22	20.8
0	23	22.0
0	24	25.1
0	25	23.1
0	26	28.2
0	27	8.0
0	28	30.0
0	29	29.1
0	30	30.9
0	31	29.8
0	32	10.0
0	33	34.0
0	34	31.8
0	35	39.4
0	36	43.9
0	37	18.1
0	38	15.8
0	39	38.3
0	40	42.2
0	41	30.5
0	42	31.3
0	43	34.7
0	44	25.0
0	45	31.3
0	46	2.2
0	47	9.4
0	48	15.8
0	49	21.6
0	50	26.2
1	2	12.4
1	3	19.2
1	4	31.1
1	5	22.2
1	6	16.8
1	7	22.8
1	8	11.7
1	9	24.2
1	10	34.0
1	11	12.1
1	12	20.9
1	13	41.9
1	14	26.9
1	15	36.0
1	16	18.6
1	17	30.7
1	18	27.6
1	19	45.8
1	20	20.9
1	21	26.9
1	22	7.1
1	23	21.6
1	24	29.0
1	25	33.1
1	26	18.9
1	27	8.1
1	28	16.2
1	29	21.4
1	30	32.6
1	31	17.0
1	32	6.1
1	33	43.0
1	34	30.6
1	35	27.3
1	36	31.1
1	37	30.4
1	38	18.8
1	39	43.0
1	40	56.0
1	41	44.2
1	42	44.9
1	43	34.2
1	44	37.7
1	45	42.0
1	46	13.9
1	47	23.3
1	48	12.4
1	49	26.4
1	50	24.2
2	3	15.3
2	4	37.0
2	5	21.0
2	6	28.1
2	7	34.9
2	8	22.2
2	9	16.3
2	10	28.1
2	11	10.6
2	12	24.8
2	13	50.1
2	14	37.7
2	15	35.5
2	16	8.5
2	17	34.1
2	18	35.8
2	19	50.9
2	20	12.0
2	21	14.8
2	22	10.6
2	23	34.0
2	24	41.1
2	25	43.4
2	26	29.1
2	27	19.0
2	28	19.0
2	29	9.1
2	30	23.8
2	31	23.3
2	32	11.4
2	33	39.1
2	34	20.0
2	35	19.1
2	36	24.4
2	37	31.9
2	38	14.6
2	39	35.4
2	40	61.5
2	41	50.4
2	42	48.0
2	43	46.5
2	44	38.9
2	45	40.3
2	46	19.7
2	47	29.4
2	48	24.7
2	49	21.0
2	50	13.9
3	4	49.7
3	5	36.1
3	6	35.4
3	7	35.0
3	8	21.1
3	9	31.0
3	10	43.0
3	11	25.1
3	12	38.3
3	13	61.1
3	14	45.7
3	15	50.6
3	16	23.0
3	17	48.0
3	18	46.8
3	19	64.2
3	20	7.8
3	21	24.2
3	22	12.2
3	23	36.7
3	24	45.6
3	25	52.0
3	26	25.3
3	27	27.2
3	28	9.5
3	29	17.1
3	30	37.5
3	31	15.8
3	32	22.8
3	33	54.3
3	34	32.3
3	35	10.0
3	36	12.1
3	37	46.5
3	38	29.8
3	39	49.5
3	40	74.7
3	41	63.0
3	42	62.3
3	43	47.0
3	44	53.7
3	45	55.5
3	46	32.0
3	47	41.9
3	48	28.5
3	49	36.2
3	50	27.3
4	5	20.4
4	6	21.0
4	7	37.1
4	8	37.6
4	9	32.8
4	10	31.4
4	11	26.6
4	12	12.5
4	13	15.0
4	14	17.9
4	15	18.9
4	16	35.3
4	17	7.6
4	18	7.6
4	19	14.8
4	20	48.9
4	21	44.9
4	22	38.0
4	23	31.3
4	24	28.6
4	25	17.7
4	26	42.6
4	27	24.2
4	28	47.0
4	29	43.9
4	30	38.0
4	31	46.2
4	32	26.9
4	33	30.5
4	34	41.6
4	35	56.0
4	36	60.8
4	37	12.6
4	38	26.6
4	39	40.5
4	40	25.0
4	41	13.5
4	42	16.0
4	43	40.9
4	44	14.9
4	45	24.8
4	46	17.7
4	47	7.8
4	48	29.4
4	49	28.1
4	50	37.6
5	6	25.5
5	7	40.2
5	8	33.2
5	9	12.4
5	10	14.2
5	11	11.2
5	12	9.2
5	13	35.4
5	14	30.5
5	15	14.6
5	16	16.3
5	17	14.8
5	18	23.2
5	19	31.9
5	20	32.8
5	21	25.1
5	22	27.1
5	23	36.1
5	24	38.8
5	25	34.0
5	26	40.2
5	27	20.6
5	28	37.1
5	29	25.5
5	30	18.2
5	31	39.1
5	32	16.1
5	33	20.9
5	34	21.2
5	35	39.7
5	36	45.3
5	37	11.3
5	38	7.1
5	39	24.2
5	40	42.4
5	41	32.7
5	42	27.6
5	43	48.8
5	44	18.0
5	45	20.0
5	46	12.0
5	47	15.1
5	48	29.2
5	49	8.2
5	50	17.5
6	7	16.5
6	8	18.0
6	9	34.0
6	10	39.7
6	11	21.8
6	12	18.0
6	13	27.2
6	14	10.3
6	15	34.4
6	16	31.6
6	17	24.7
6	18	14.6
6	19	34.9
6	20	37.6
6	21	41.3
6	22	23.3
6	23	11.2
6	24	13.9
6	25	16.6
6	26	21.8
6	27	9.1
6	28	29.7
6	29	37.0
6	30	42.1
6	31	27.2
6	32	17.0
6	33	44.7
6	34	42.4
6	35	44.0
6	36	47.4
6	37	27.3
6	38	26.8
6	39	49.7
6	40	44.0
6	41	32.0
6	42	37.0
6	43	23.3
6	44	33.2
6	45	41.1
6	46	13.6
6	47	15.5
6	48	8.9
6	49	33.0
6	50	36.4
7	8	14.0
7	9	46.1
7	10	54.0
7	11	33.3
7	12	34.0
7	13	39.8
7	14	21.6
7	15	50.7
7	16	41.3
7	17	41.2
7	18	30.0
7	19	50.2
7	20	40.3
7	21	49.7
7	22	25.7
7	23	6.1
7	24	14.2
7	25	26.9
7	26	11.2
7	27	19.8
7	28	26.3
7	29	43.7
7	30	54.6
7	31	20.9
7	32	27.0
7	33	60.4
7	34	53.3
7	35	45.0
7	36	46.4
7	37	43.7
7	38	39.6
7	39	63.8
7	40	58.2
7	41	46.5
7	42	53.2
7	43	12.0
7	44	49.7
7	45	57.4
7	46	28.3
7	47	32.0
7	48	11.3
7	49	46.8
7	50	46.9
8	9	35.8
8	10	45.6
8	11	23.7
8	12	30.0
8	13	45.2
8	14	27.6
8	15	46.3
8	16	29.7
8	17	39.2
8	18	32.2
8	19	52.2
8	20	26.3
8	21	36.9
8	22	12.1
8	23	15.8
8	24	25.1
8	25	33.9
8	26	7.2
8	27	14.0
8	28	13.0
8	29	30.4
8	30	44.2
8	31	9.2
8	32	17.5
8	33	54.1
8	34	41.7
8	35	31.0
8	36	32.8
8	37	40.0
8	38	30.4
8	39	54.7
8	40	61.7
8	41	49.7
8	42	53.0
8	43	26.1
8	44	47.0
8	45	52.6
8	46	23.0
8	47	30.6
8	48	9.2
8	49	38.0
8	50	35.4
9	10	12.0
9	11	12.8
9	12	21.0
9	13	47.7
9	14	41.0
9	15	23.3
9	16	8.0
9	17	26.9
9	18	35.0
9	19	43.8
9	20	25.5
9	21	13.5
9	22	26.0
9	23	43.3
9	24	47.9
9	25	45.3
9	26	43.0
9	27	26.6
9	28	35.2
9	29	16.2
9	30	8.5
9	31	39.0
9	32	19.1
9	33	23.8
9	34	9.0
9	35	31.6
9	36	37.6
9	37	22.8
9	38	7.3
9	39	19.3
9	40	54.2
9	41	44.9
9	42	38.6
9	43	56.3
9	44	28.4
9	45	26.4
9	46	20.9
9	47	27.0
9	48	34.8
9	49	6.4
9	50	5.7
10	11	21.9
10	12	22.8
10	13	46.2
10	14	44.3
10	15	15.8
10	16	20.0
10	17	24.1
10	18	36.1
10	19	38.8
10	20	37.5
10	21	23.7
10	22	37.1
10	23	50.2
10	24	53.0
10	25	47.2
10	26	52.8
10	27	34.2
10	28	46.7
10	29	27.9
10	30	9.2
10	31	50.0
10	32	28.2
10	33	12.1
10	34	15.6
10	35	43.4
10	36	49.5
10	37	19.0
10	38	15.2
10	39	10.0
10	40	48.4
10	41	41.2
10	42	32.0
10	43	63.0
10	44	21.8
10	45	16.3
10	46	26.2
10	47	28.2
10	48	42.8
10	49	7.6
10	50	16.8
11	12	14.2
11	13	40.3
11	14	30.0
11	15	25.7
11	16	10.0
11	17	23.4
11	18	26.2
11	19	40.3
11	20	22.7
11	21	20.0
11	22	16.0
11	23	30.5
11	24	35.7
11	25	35.1
11	26	30.9
11	27	13.9
11	28	26.0
11	29	17.5
11	30	21.3
11	31	28.4
11	32	6.4
11	33	31.3
11	34	20.6
11	35	29.7
11	36	35.0
11	37	21.5
11	38	6.7
11	39	31.1
11	40	50.9
11	41	40.0
11	42	37.4
11	43	43.6
11	44	28.6
11	45	31.1
11	46	10.2
11	47	19.2
11	48	22.0
11	49	14.3
11	50	14.6
12	13	26.9
12	14	21.5
12	15	16.8
12	16	22.8
12	17	9.8
12	18	14.0
12	19	26.2
12	20	36.8
12	21	32.6
12	22	27.3
12	23	29.2
12	24	30.5
12	25	24.7
12	26	36.2
12	27	16.0
12	28	37.0
12	29	31.4
12	30	27.5
12	31	37.5
12	32	15.7
12	33	26.6
12	34	30.0
12	35	43.8
12	36	48.9
12	37	10.0
12	38	14.3
12	39	32.8
12	40	36.8
12	41	25.8
12	42	24.2
12	43	41.2
12	44	17.0
12	45	23.4
12	46	7.1
12	47	6.0
12	48	23.8
12	49	17.5
12	50	25.5
13	14	18.4
13	15	32.3
13	16	49.6
13	17	22.1
13	18	14.4
13	19	14.4
13	20	61.6
13	21	59.5
13	22	48.9
13	23	33.8
13	24	27.2
13	25	13.2
13	26	48.3
13	27	34.0
13	28	56.6
13	29	57.8
13	30	53.0
13	31	54.4
13	32	39.1
13	33	43.7
13	34	56.6
13	35	68.5
13	36	72.8
13	37	27.2
13	38	41.2
13	39	54.9
13	40	19.0
13	41	9.4
13	42	21.9
13	43	39.0
13	44	26.9
13	45	37.2
13	46	30.4
13	47	21.2
13	48	36.1
13	49	43.1
13	50	52.4
14	15	35.4
14	16	40.0
14	17	24.2
14	18	10.3
14	19	29.0
14	20	47.8
14	21	50.0
14	22	33.5
14	23	15.5
14	24	10.8
14	25	6.4
14	26	30.0
14	27	19.0
14	28	39.8
14	29	46.4
14	30	48.4
14	31	36.8
14	32	26.3
14	33	46.7
14	34	49.8
14	35	54.2
14	36	57.7
14	37	28.3
14	38	33.7
14	39	54.2
14	40	36.7
14	41	25.1
14	42	33.2
14	43	23.1
14	44	32.4
14	45	41.9
14	46	20.2
14	47	16.4
14	48	18.4
14	49	38.6
14	50	44.3
15	16	29.7
15	17	11.4
15	18	25.5
15	19	23.2
15	20	47.0
15	21	36.8
15	22	41.4
15	23	45.6
15	24	45.6
15	25	36.4
15	26	52.8
15	27	32.6
15	28	51.5
15	29	38.8
15	30	24.6
15	31	53.0
15	32	30.1
15	33	11.7
15	34	30.2
15	35	53.7
15	36	59.5
15	37	7.2
15	38	21.0
15	39	23.0
15	40	32.6
15	41	26.0
15	42	16.2
15	43	57.1
15	44	6.1
15	45	6.7
15	46	23.3
15	47	19.4
15	48	40.5
15	49	17.0
15	50	29.0
16	17	30.8
16	18	35.9
16	19	48.0
16	20	17.7
16	21	10.0
16	22	18.9
16	23	39.4
16	24	45.4
16	25	45.1
16	26	36.8
16	27	23.1
16	28	27.5
16	29	9.2
16	30	15.2
16	31	31.8
16	32	14.9
16	33	31.6
16	34	12.0
16	35	24.2
16	36	30.1
16	37	27.6
16	38	9.2
16	39	26.9
16	40	58.6
16	41	48.4
16	42	43.8
16	43	52.3
16	44	34.1
16	45	33.6
16	46	20.1
16	47	28.5
16	48	30.4
16	49	13.6
16	50	5.7
17	18	14.1
17	19	17.2
17	20	46.1
17	21	39.8
17	22	37.2
17	23	35.7
17	24	34.7
17	25	25.0
17	26	45.0
17	27	25.2
17	28	46.8
17	29	39.8
17	30	31.3
17	31	47.1
17	32	25.5
17	33	23.0
17	34	35.4
17	35	53.2
17	36	58.4
17	37	5.1
17	38	21.6
17	39	33.0
17	40	27.8
17	41	18.0
17	42	14.3
17	43	46.5
17	44	8.5
17	45	17.7
17	46	16.8
17	47	9.2
17	48	32.1
17	49	21.6
17	50	32.2
18	19	20.4
18	20	47.2
18	21	45.9
18	22	34.7
18	23	24.0
18	24	21.0
18	25	11.2
18	26	36.4
18	27	19.8
18	28	42.8
18	29	43.7
18	30	41.4
18	31	41.2
18	32	24.7
18	33	37.0
18	34	44.0
18	35	54.1
18	36	58.4
18	37	18.6
18	38	28.1
18	39	45.7
18	40	29.5
18	41	17.5
18	42	23.3
18	43	33.2
18	44	22.2
18	45	31.8
18	46	16.2
18	47	8.1
18	48	23.4
18	49	31.4
18	50	39.2
19	20	62.9
19	21	56.9
19	22	52.7
19	23	44.1
19	24	39.3
19	25	25.7
19	26	56.8
19	27	38.9
19	28	61.8
19	29	57.0
19	30	47.1
19	31	60.9
19	32	41.4
19	33	33.1
19	34	52.0
19	35	70.0
19	36	75.1
19	37	21.0
19	38	38.8
19	39	46.0
19	40	10.6
19	41	5.0
19	42	8.5
19	43	51.6
19	44	17.1
19	45	26.2
19	46	32.2
19	47	22.5
19	48	43.7
19	49	38.1
19	50	49.2
20	21	16.8
20	22	15.0
20	23	41.0
20	24	49.4
20	25	53.9
20	26	31.6
20	27	28.8
20	28	16.6
20	29	10.0
20	30	31.0
20	31	22.8
20	32	22.5
20	33	49.2
20	34	25.3
20	35	7.1
20	36	12.5
20	37	43.8
20	38	25.9
20	39	43.0
20	40	73.5
20	41	62.4
20	42	60.0
20	43	52.3
20	44	50.8
20	45	51.3
20	46	31.4
20	47	41.2
20	48	32.1
20	49	31.3
20	50	21.0
21	22	25.0
21	23	48.4
21	24	54.9
21	25	55.1
21	26	43.6
21	27	32.6
21	28	31.4
21	29	7.2
21	30	15.5
21	31	36.8
21	32	24.3
21	33	35.8
21	34	9.1
21	35	21.0
21	36	27.0
21	37	36.1
21	38	18.4
21	39	27.2
21	40	67.4
21	41	57.7
21	42	52.0
21	43	61.1
21	44	41.9
21	45	39.4
21	46	30.1
21	47	38.3
21	48	39.2
21	49	19.8
21	50	7.8
22	23	26.0
22	24	34.4
22	25	39.8
22	26	18.6
22	27	15.0
22	28	10.0
22	29	18.4
22	30	34.0
22	31	13.0
22	32	11.7
22	33	47.2
22	34	30.6
22	35	20.9
22	36	24.2
22	37	36.4
22	38	22.2
22	39	45.3
22	40	63.0
22	41	51.2
22	42	51.5
22	43	37.7
22	44	43.7
22	45	47.1
22	46	20.6
22	47	30.2
22	48	17.1
22	49	29.6
22	50	24.4
23	24	9.4
23	25	21.0
23	26	15.6
23	27	16.6
23	28	28.8
23	29	43.0
23	30	51.6
23	31	24.2
23	32	24.6
23	33	55.8
23	34	51.0
23	35	46.4
23	36	48.5
23	37	38.5
23	38	36.4
23	39	60.1
23	40	52.2
23	41	40.4
23	42	47.3
23	43	13.0
23	44	44.3
23	45	52.3
23	46	24.1
23	47	26.6
23	48	9.2
23	49	43.2
23	50	44.7
24	25	14.0
24	26	24.8
24	27	22.4
24	28	38.1
24	29	50.2
24	30	55.9
24	31	33.6
24	32	30.6
24	33	56.6
24	34	56.3
24	35	55.1
24	36	57.6
24	37	38.4
24	38	40.7
24	39	63.0
24	40	46.1
24	41	35.1
24	42	44.0
24	43	12.4
24	44	43.0
24	45	52.2
24	46	27.3
24	47	26.2
24	48	17.3
24	49	46.6
24	50	50.3
25	26	36.1
25	27	25.1
25	28	46.2
25	29	52.0
25	30	52.2
25	31	43.1
25	32	32.0
25	33	48.0
25	34	54.2
25	35	60.4
25	36	64.0
25	37	29.7
25	38	38.1
25	39	56.9
25	40	32.1
25	41	21.2
25	42	31.3
25	43	26.1
25	44	32.5
25	45	42.5
25	46	25.0
25	47	19.0
25	48	24.8
25	49	42.2
25	50	49.0
26	27	20.2
26	28	16.0
26	29	36.9
26	30	51.4
26	31	10.0
26	32	24.6
26	33	61.0
26	34	48.8
26	35	35.4
26	36	36.0
26	37	46.3
26	38	37.6
26	39	61.9
26	40	65.8
26	41	53.8
26	42	58.3
26	43	22.4
26	44	53.1
26	45	59.2
26	46	29.4
26	47	36.1
26	48	13.2
26	49	45.2
26	50	42.4
27	28	23.0
27	29	28.0
27	30	35.0
27	31	22.1
27	32	8.2
27	33	41.2
27	34	34.4
27	35	35.3
27	36	39.1
27	37	26.1
27	38	19.8
27	39	43.9
27	40	48.9
27	41	36.9
27	42	39.1
27	43	29.7
27	44	33.0
27	45	39.1
27	46	9.2
27	47	16.8
27	48	8.6
27	49	26.9
27	50	28.2
28	29	24.2
28	30	42.7
28	31	6.3
28	32	21.6
28	33	57.1
28	34	38.5
28	35	19.4
28	36	20.1
28	37	46.3
28	38	32.1
28	39	54.4
28	40	71.9
28	41	59.9
28	42	61.1
28	43	38.1
28	44	53.6
28	45	57.1
28	46	30.1
28	47	39.4
28	48	21.6
28	49	39.3
28	50	32.7
29	30	21.0
29	31	29.7
29	32	20.1
29	33	39.8
29	34	15.3
29	35	15.5
29	36	21.6
29	37	36.8
29	38	18.4
29	39	33.0
29	40	67.6
29	41	57.1
29	42	53.0
29	43	55.4
29	44	43.3
29	45	42.5
29	46	27.5
29	47	36.7
29	48	33.7
29	49	22.4
29	50	11.2
30	31	47.0
30	32	27.6
30	33	20.8
30	34	6.7
30	35	36.2
30	36	42.3
30	37	26.5
30	38	15.3
30	39	12.0
30	40	57.0
30	41	49.0
30	42	40.7
30	43	64.6
30	44	30.5
30	45	25.5
30	46	28.6
30	47	33.4
30	48	43.3
30	49	10.0
30	50	10.2
31	32	23.0
31	33	59.7
31	34	43.3
31	35	25.7
31	36	26.0
31	37	47.3
31	38	34.9
31	39	58.3
31	40	70.7
31	41	58.6
31	42	61.1
31	43	32.4
31	44	54.5
31	45	59.0
31	46	30.4
31	47	38.9
31	48	18.4
31	49	42.4
31	50	37.2
32	33	36.9
32	34	26.4
32	35	29.4
32	36	34.0
32	37	24.7
32	38	13.0
32	39	37.4
32	40	51.9
32	41	40.3
32	42	39.8
32	43	37.6
32	44	32.0
32	45	36.0
32	46	9.2
32	47	19.1
32	48	15.8
32	49	20.6
32	50	20.1
33	34	27.5
33	35	55.4
33	36	61.4
33	37	18.4
33	38	25.0
33	39	13.9
33	40	41.2
33	41	36.7
33	42	25.0
33	43	67.8
33	44	16.8
33	45	7.0
33	46	32.2
33	47	30.4
33	48	49.7
33	49	18.1
33	50	28.8
34	35	30.0
34	36	36.1
34	37	31.0
34	38	16.1
34	39	18.1
34	40	62.2
34	41	53.5
34	42	46.1
34	43	64.0
34	44	35.8
34	45	31.8
34	46	29.6
34	47	36.0
34	48	42.2
34	49	13.9
34	50	6.4
35	36	6.1
35	37	50.8
35	38	32.8
35	39	48.1
35	40	80.6
35	41	69.4
35	42	67.0
35	43	57.0
35	44	57.7
35	45	57.8
35	46	38.4
35	47	48.3
35	48	37.9
35	49	37.7
35	50	26.7
36	37	56.3
36	38	38.5
36	39	54.1
36	40	85.6
36	41	74.2
36	42	72.4
36	43	58.2
36	44	63.3
36	45	63.7
36	46	43.1
36	47	53.0
36	48	40.5
36	49	43.7
36	50	32.8
37	38	18.4
37	39	27.9
37	40	31.4
37	41	22.6
37	42	16.3
37	43	49.9
37	44	7.3
37	45	13.9
37	46	17.0
37	47	12.2
37	48	33.7
37	49	17.1
37	50	28.3
38	39	24.4
38	40	49.4
38	41	39.4
38	42	34.7
38	43	49.4
38	44	25.0
38	45	25.7
38	46	13.6
38	47	20.2
38	48	28.3
38	49	7.6
38	50	11.2
39	40	54.7
39	41	49.0
39	42	38.3
39	43	72.9
39	44	29.0
39	45	20.6
39	46	36.1
39	47	38.0
39	48	52.5
39	49	17.0
39	50	22.2
40	41	12.1
40	42	16.5
40	43	58.0
40	44	26.6
40	45	34.2
40	46	42.6
40	47	32.8
40	48	52.9
40	49	48.3
40	50	59.7
41	42	13.0
41	43	47.3
41	44	20.1
41	45	29.8
41	46	31.1
41	47	21.2
41	48	40.9
41	49	39.6
41	50	50.2
42	43	56.3
42	44	10.3
42	45	18.0
42	46	31.0
42	47	22.4
42	48	45.2
42	49	32.4
42	50	44.2
43	44	55.0
43	45	63.8
43	46	36.8
43	47	37.7
43	48	21.9
43	49	56.1
43	50	57.7
44	45	10.3
44	46	24.1
44	47	17.7
44	48	40.3
44	49	22.2
44	50	34.1
45	46	29.8
45	47	26.1
45	48	47.1
45	49	20.1
45	50	31.9
46	47	9.9
46	48	17.5
46	49	19.4
46	50	24.1
47	48	23.0
47	49	23.3
47	50	31.4
48	49	35.5
48	50	35.8
49	50	12.0