// 6
6 3
// class: -
// number of customers
// number of vehicles
// number of box types
// number of items
75 75 415 2135
// max-weight height width length of vehicles (cm)
// 
140000 220 233 587
// node no-box-types / h w l no. boxes frag weight
0 0
1 6
32 60 74 6 0 562
32 60 74 1 1 562
43 50 100 12 0 562
43 50 100 2 1 562
42 74 95 9 0 562
42 74 95 2 1 562
2 3
66 77 97 4 0 2600
69 69 81 4 0 2600
24 53 109 2 0 2600
3 6
45 84 86 6 0 523
45 84 86 1 1 523
34 45 81 6 0 523
34 45 81 1 1 523
37 54 70 6 0 523
37 54 70 1 1 523
4 6
31 72 96 8 0 1034
31 72 96 2 1 1034
47 72 75 5 0 1034
47 72 75 1 1 1034
20 25 80 11 0 1034
20 25 80 2 1 1034
5 6
27 81 97 11 0 583
27 81 97 2 1 583
39 78 102 13 0 583
39 78 102 3 1 583
36 46 113 6 0 583
36 46 113 1 1 583
6 6
72 93 109 7 0 760
72 93 109 1 1 760
32 67 95 4 0 760
32 67 95 1 1 760
36 45 119 10 0 760
36 45 119 2 1 760
7 6
31 48 68 9 0 454
31 48 68 2 1 454
63 80 104 12 0 454
63 80 104 2 1 454
21 46 82 7 0 454
21 46 82 1 1 454
8 5
20 54 114 6 0 888
20 54 114 1 1 888
50 87 92 7 0 888
50 87 92 1 1 888
26 43 114 3 0 888
9 5
72 93 109 8 0 1260
72 93 109 1 1 1260
32 67 95 3 0 1260
36 45 119 9 0 1260
36 45 119 2 1 1260
10 6
69 79 86 4 0 1625
69 79 86 1 1 1625
31 46 53 5 0 1625
31 46 53 1 1 1625
37 51 96 4 0 1625
37 51 96 1 1 1625
11 5
50 94 104 7 0 2176
50 94 104 1 1 2176
36 87 102 5 0 2176
36 87 102 1 1 2176
33 42 115 3 0 2176
12 6
30 76 108 10 0 457
30 76 108 2 1 457
25 43 110 9 0 457
25 43 110 2 1 457
55 81 92 10 0 457
55 81 92 2 1 457
13 4
62 64 99 4 0 705
37 43 110 8 0 705
37 43 110 1 1 705
50 73 96 4 0 705
14 3
42 77 114 4 0 2583
74 81 105 4 0 2583
50 73 76 4 0 2583
15 6
38 41 119 9 0 200
38 41 119 2 1 200
35 44 90 10 0 200
35 44 90 2 1 200
27 55 67 14 0 200
27 55 67 3 1 200
16 6
36 73 73 12 0 358
36 73 73 3 1 358
26 49 87 16 0 358
26 49 87 3 1 358
44 53 68 16 0 358
44 53 68 3 1 358
17 6
32 60 74 8 0 571
32 60 74 2 1 571
43 50 100 11 0 571
43 50 100 2 1 571
42 74 95 10 0 571
42 74 95 2 1 571
18 5
42 77 114 4 0 764
42 77 114 1 1 764
74 81 105 4 0 764
50 73 76 7 0 764
50 73 76 1 1 764
19 6
50 63 70 8 0 500
50 63 70 1 1 500
34 53 100 10 0 500
34 53 100 2 1 500
45 78 93 8 0 500
45 78 93 1 1 500
20 6
45 56 89 13 0 448
45 56 89 3 1 448
34 37 53 18 0 448
34 37 53 4 1 448
25 35 54 9 0 448
25 35 54 2 1 448
21 6
32 45 87 12 0 651
32 45 87 3 1 651
46 63 84 12 0 651
46 63 84 2 1 651
44 67 84 12 0 651
44 67 84 2 1 651
22 6
27 37 78 4 0 571
27 37 78 1 1 571
25 70 89 5 0 571
25 70 89 1 1 571
41 84 90 8 0 571
41 84 90 2 1 571
23 3
45 54 91 4 0 500
72 77 105 4 0 500
48 78 79 4 0 500
24 6
36 64 66 5 0 794
36 64 66 1 1 794
49 73 97 12 0 794
49 73 97 2 1 794
43 60 69 12 0 794
43 60 69 2 1 794
25 6
42 77 114 8 0 636
42 77 114 2 1 636
74 81 105 5 0 636
74 81 105 1 1 636
50 73 76 5 0 636
50 73 76 1 1 636
26 5
26 42 64 8 0 900
26 42 64 2 1 900
52 58 92 6 0 900
52 58 92 1 1 900
21 85 92 3 0 900
27 6
23 81 84 7 0 472
23 81 84 1 1 472
64 72 115 10 0 472
64 72 115 2 1 472
25 49 77 13 0 472
25 49 77 3 1 472
28 6
32 50 91 16 0 617
32 50 91 3 1 617
40 66 118 10 0 617
40 66 118 2 1 617
32 69 75 13 0 617
32 69 75 3 1 617
29 6
21 36 40 12 0 325
21 36 40 3 1 325
31 45 76 10 0 325
31 45 76 2 1 325
51 54 63 11 0 325
51 54 63 2 1 325
30 6
42 77 114 7 0 956
42 77 114 1 1 956
74 81 105 5 0 956
74 81 105 1 1 956
50 73 76 8 0 956
50 73 76 1 1 956
31 5
40 60 100 4 0 1785
34 67 89 4 0 1785
34 67 89 1 1 1785
38 80 92 4 0 1785
38 80 92 1 1 1785
32 4
59 76 82 4 0 2153
50 51 60 4 0 2153
50 51 60 1 1 2153
61 66 104 4 0 2153
33 6
44 46 51 8 0 931
44 46 51 2 1 931
47 92 95 8 0 931
47 92 95 2 1 931
23 39 116 8 0 931
23 39 116 1 1 931
34 6
35 49 72 19 0 279
35 49 72 4 1 279
47 66 75 16 0 279
47 66 75 4 1 279
22 30 78 20 0 279
22 30 78 5 1 279
35 6
45 84 86 10 0 232
45 84 86 2 1 232
34 45 81 13 0 232
34 45 81 3 1 232
37 54 70 12 0 232
37 54 70 3 1 232
36 5
50 94 104 8 0 705
50 94 104 1 1 705
36 87 102 6 0 705
36 87 102 1 1 705
33 42 115 1 0 705
37 6
31 72 96 11 0 518
31 72 96 2 1 518
47 72 75 5 0 518
47 72 75 1 1 518
20 25 80 7 0 518
20 25 80 1 1 518
38 3
66 77 97 4 0 2400
69 69 81 3 0 2400
24 53 109 3 0 2400
39 6
45 56 89 13 0 326
45 56 89 3 1 326
34 37 53 13 0 326
34 37 53 3 1 326
25 35 54 14 0 326
25 35 54 3 1 326
40 6
23 81 84 9 0 1137
23 81 84 2 1 1137
64 72 115 11 0 1137
64 72 115 2 1 1137
25 49 77 4 0 1137
25 49 77 1 1 1137
41 6
38 41 119 6 0 483
38 41 119 1 1 483
35 44 90 12 0 483
35 44 90 2 1 483
27 55 67 8 0 483
27 55 67 2 1 483
42 6
36 44 60 8 0 333
36 44 60 2 1 333
40 42 76 10 0 333
40 42 76 2 1 333
48 49 65 9 0 333
48 49 65 2 1 333
43 6
38 55 106 12 0 486
38 55 106 2 1 486
48 50 69 10 0 486
48 50 69 2 1 486
57 63 106 9 0 486
57 63 106 2 1 486
44 6
45 84 86 8 0 894
45 84 86 1 1 894
34 45 81 4 0 894
34 45 81 1 1 894
37 54 70 4 0 894
37 54 70 1 1 894
45 6
66 77 97 7 0 777
66 77 97 1 1 777
69 69 81 8 0 777
69 69 81 2 1 777
24 53 109 8 0 777
24 53 109 1 1 777
46 6
47 66 118 9 0 870
47 66 118 2 1 870
25 56 99 8 0 870
25 56 99 2 1 870
48 83 91 8 0 870
48 83 91 2 1 870
47 6
38 41 119 10 0 365
38 41 119 2 1 365
35 44 90 16 0 365
35 44 90 3 1 365
27 55 67 17 0 365
27 55 67 4 1 365
48 6
26 39 41 7 0 769
26 39 41 1 1 769
34 40 110 8 0 769
34 40 110 2 1 769
52 77 94 7 0 769
52 77 94 1 1 769
49 5
47 66 118 4 0 208
25 56 99 5 0 208
25 56 99 1 1 208
48 83 91 12 0 208
48 83 91 2 1 208
50 4
30 55 104 4 0 1375
73 89 92 8 0 1375
73 89 92 1 1 1375
43 88 88 3 0 1375
51 6
31 33 100 5 0 400
31 33 100 1 1 400
42 68 84 12 0 400
42 68 84 2 1 400
31 84 95 8 0 400
31 84 95 2 1 400
52 6
62 64 99 8 0 826
62 64 99 1 1 826
37 43 110 6 0 826
37 43 110 1 1 826
50 73 96 6 0 826
50 73 96 1 1 826
53 6
63 70 90 8 0 709
63 70 90 1 1 709
28 78 84 8 0 709
28 78 84 2 1 709
39 85 94 10 0 709
39 85 94 2 1 709
54 6
44 76 95 12 0 516
44 76 95 2 1 516
34 47 81 7 0 516
34 47 81 1 1 516
30 52 71 8 0 516
30 52 71 1 1 516
55 5
44 46 51 5 0 411
44 46 51 1 1 411
47 92 95 6 0 411
47 92 95 1 1 411
23 39 116 4 0 411
56 6
44 46 51 12 0 565
44 46 51 3 1 565
47 92 95 12 0 565
47 92 95 2 1 565
23 39 116 14 0 565
23 39 116 3 1 565
57 6
42 77 114 7 0 666
42 77 114 1 1 666
74 81 105 7 0 666
74 81 105 1 1 666
50 73 76 4 0 666
50 73 76 1 1 666
58 6
21 25 49 16 0 500
21 25 49 4 1 500
41 51 60 8 0 500
41 51 60 1 1 500
64 76 103 11 0 500
64 76 103 2 1 500
59 5
58 72 78 5 0 2000
58 72 78 1 1 2000
57 57 107 4 0 2000
57 57 107 1 1 2000
37 64 72 1 0 2000
60 4
52 59 62 3 0 1083
50 52 54 4 0 1083
50 52 54 1 1 1083
65 69 102 4 0 1083
61 6
52 59 62 5 0 517
52 59 62 1 1 517
50 52 54 9 0 517
50 52 54 2 1 517
65 69 102 10 0 517
65 69 102 2 1 517
62 6
46 48 64 12 0 367
46 48 64 3 1 367
22 25 79 17 0 367
22 25 79 4 1 367
33 85 89 11 0 367
33 85 89 2 1 367
63 6
36 64 66 12 0 289
36 64 66 2 1 289
49 73 97 13 0 289
49 73 97 3 1 289
43 60 69 7 0 289
43 60 69 1 1 289
64 5
33 92 113 7 0 1400
33 92 113 1 1 1400
28 37 52 3 0 1400
29 33 57 8 0 1400
29 33 57 1 1 1400
65 4
29 80 113 4 0 750
29 80 113 1 1 750
62 65 98 4 0 750
46 59 60 3 0 750
66 4
46 92 95 3 0 3083
40 60 65 4 0 3083
40 60 65 1 1 3083
59 62 103 4 0 3083
67 6
39 40 43 9 0 967
39 40 43 2 1 967
40 76 97 8 0 967
40 76 97 2 1 967
47 63 67 8 0 967
47 63 67 2 1 967
68 6
63 82 96 8 0 357
63 82 96 1 1 357
59 63 74 7 0 357
59 63 74 1 1 357
43 60 86 9 0 357
43 60 86 2 1 357
69 6
31 66 68 8 0 380
31 66 68 1 1 380
26 34 120 4 0 380
26 34 120 1 1 380
60 76 95 6 0 380
60 76 95 1 1 380
70 6
50 63 70 10 0 297
50 63 70 2 1 297
34 53 100 9 0 297
34 53 100 2 1 297
45 78 93 12 0 297
45 78 93 2 1 297
71 6
27 35 68 9 0 88
27 35 68 2 1 88
43 57 118 9 0 88
43 57 118 2 1 88
36 72 73 10 0 88
36 72 73 2 1 88
72 6
39 40 43 4 0 58
39 40 43 1 1 58
40 76 97 6 0 58
40 76 97 1 1 58
47 63 67 4 0 58
47 63 67 1 1 58
73 6
52 59 62 12 0 162
52 59 62 2 1 162
50 52 54 11 0 162
50 52 54 2 1 162
65 69 102 8 0 162
65 69 102 2 1 162
74 6
37 73 90 14 0 277
37 73 90 3 1 277
33 95 102 8 0 277
33 95 102 2 1 277
30 38 117 8 0 277
30 38 117 1 1 277
75 6
20 69 101 8 0 714
20 69 101 2 1 714
54 66 108 6 0 714
54 66 108 1 1 714
33 62 74 9 0 714
33 62 74 2 1 714
// node 1 node 2 distance
0	1	25.5
0	2	14.6
0	3	19.6
0	4	7.1
0	5	25.0
0	6	9.2
0	7	14.1
0	8	15.8
0	9	23.6
0	10	26.0
0	11	29.2
0	12	12.1
0	13	22.6
0	14	27.8
0	15	27.2
0	16	19.4
0	17	8.1
0	18	34.9
0	19	23.4
0	20	36.8
0	21	27.3
0	22	30.4
0	23	31.4
0	24	33.1
0	25	33.2
0	26	6.1
0	27	16.2
0	28	24.5
0	29	18.4
0	30	14.3
0	31	37.1
0	32	22.2
0	33	17.8
0	34	10.0
0	35	18.0
0	36	33.1
0	37	32.0
0	38	26.9
0	39	22.4
0	40	14.1
0	41	36.2
0	42	36.1
0	43	31.9
0	44	20.6
0	45	14.1
0	46	11.2
0	47	26.9
0	48	20.6
0	49	28.1
0	50	29.7
0	51	11.0
0	52	14.1
0	53	22.7
0	54	27.0
0	55	42.4
0	56	37.2
0	57	28.2
0	58	20.0
0	59	38.4
0	60	43.3
0	61	34.2
0	62	22.4
0	63	22.4
0	64	43.0
0	65	31.6
0	66	36.2
0	67	5.4
0	68	7.3
0	69	37.4
0	70	41.2
0	71	39.8
0	72	20.6
0	73	20.6
0	74	20.0
0	75	3.0
1	2	14.6
1	3	23.0
1	4	26.4
1	5	33.1
1	6	16.3
1	7	39.6
1	8	40.2
1	9	37.2
1	10	47.5
1	11	54.2
1	12	31.8
1	13	42.1
1	14	53.2
1	15	40.0
1	16	14.0
1	17	24.6
1	18	36.4
1	19	47.7
1	20	44.7
1	21	23.8
1	22	9.8
1	23	12.5
1	24	25.8
1	25	42.3
1	26	30.6
1	27	35.1
1	28	14.3
1	29	30.3
1	30	21.4
1	31	54.7
1	32	31.0
1	33	8.1
1	34	33.3
1	35	43.3
1	36	34.2
1	37	38.6
1	38	50.6
1	39	38.8
1	40	29.1
1	41	11.2
1	42	10.6
1	43	6.7
1	44	26.0
1	45	29.1
1	46	35.2
1	47	28.9
1	48	26.0
1	49	18.9
1	50	34.7
1	51	18.4
1	52	35.8
1	53	48.1
1	54	48.8
1	55	49.5
1	56	16.3
1	57	43.3
1	58	42.0
1	59	63.8
1	60	45.7
1	61	21.3
1	62	8.2
1	63	8.2
1	64	18.4
1	65	55.6
1	66	61.0
1	67	30.5
1	68	19.4
1	69	33.3
1	70	46.2
1	71	40.7
1	72	40.2
1	73	5.4
1	74	18.1
1	75	23.4
2	3	24.2
2	4	12.7
2	5	19.9
2	6	8.5
2	7	27.8
2	8	26.9
2	9	34.5
2	10	40.2
2	11	43.4
2	12	25.0
2	13	27.5
2	14	40.5
2	15	26.1
2	16	18.0
2	17	18.2
2	18	40.4
2	19	34.1
2	20	32.3
2	21	15.3
2	22	16.4
2	23	25.1
2	24	33.6
2	25	42.5
2	26	20.6
2	27	20.6
2	28	10.0
2	29	16.0
2	30	7.0
2	31	50.2
2	32	30.4
2	33	10.4
2	34	19.8
2	35	30.6
2	36	24.1
2	37	26.4
2	38	41.5
2	39	34.5
2	40	24.7
2	41	25.6
2	42	24.2
2	43	21.2
2	44	26.6
2	45	14.6
2	46	21.9
2	47	17.8
2	48	13.0
2	49	26.8
2	50	36.6
2	51	14.8
2	52	21.6
2	53	36.4
2	54	34.4
2	55	51.1
2	56	30.0
2	57	29.0
2	58	34.2
2	59	51.0
2	60	35.6
2	61	20.0
2	62	8.5
2	63	16.5
2	64	29.7
2	65	46.2
2	66	50.6
2	67	18.4
2	68	7.3
2	69	26.1
2	70	35.0
2	71	31.1
2	72	34.0
2	73	9.2
2	74	7.2
2	75	11.7
3	4	26.0
3	5	42.2
3	6	16.3
3	7	29.4
3	8	34.0
3	9	14.9
3	10	28.3
3	11	39.4
3	12	15.2
3	13	42.2
3	14	42.7
3	15	46.1
3	16	9.0
3	17	12.0
3	18	16.3
3	19	41.1
3	20	54.6
3	21	39.4
3	22	32.4
3	23	19.7
3	24	14.1
3	25	19.4
3	26	20.0
3	27	35.7
3	28	32.2
3	29	36.4
3	30	29.1
3	31	32.6
3	32	8.1
3	33	16.8
3	34	29.4
3	35	34.4
3	36	48.1
3	37	49.2
3	38	33.4
3	39	17.5
3	40	10.3
3	41	29.4
3	42	31.6
3	43	26.5
3	44	3.0
3	45	32.6
3	46	30.1
3	47	41.7
3	48	36.1
3	49	11.4
3	50	12.5
3	51	10.0
3	52	33.7
3	53	36.1
3	54	46.2
3	55	27.3
3	56	25.0
3	57	47.5
3	58	24.2
3	59	52.6
3	60	59.4
3	61	41.8
3	62	26.6
3	63	15.0
3	64	40.4
3	65	38.3
3	66	45.0
3	67	24.2
3	68	20.8
3	69	50.2
3	70	58.3
3	71	55.2
3	72	20.5
3	73	21.8
3	74	31.4
3	75	20.6
4	5	18.0
4	6	12.0
4	7	15.8
4	8	14.1
4	9	30.6
4	10	31.4
4	11	31.6
4	12	18.9
4	13	17.0
4	14	27.8
4	15	20.2
4	16	24.0
4	17	15.0
4	18	41.7
4	19	21.4
4	20	29.7
4	21	22.0
4	22	29.1
4	23	34.7
4	24	38.8
4	25	40.3
4	26	11.7
4	27	10.0
4	28	21.5
4	29	11.4
4	30	9.2
4	31	43.3
4	32	29.2
4	33	19.9
4	34	7.1
4	35	18.0
4	36	26.6
4	37	25.0
4	38	31.1
4	39	29.2
4	40	21.2
4	41	37.6
4	42	36.6
4	43	33.1
4	44	27.3
4	45	7.1
4	46	9.2
4	47	20.6
4	48	14.3
4	49	33.1
4	50	36.6
4	51	16.5
4	52	9.5
4	53	24.2
4	54	22.8
4	55	49.5
4	56	40.3
4	57	21.5
4	58	25.5
4	59	38.3
4	60	36.4
4	61	30.4
4	62	21.2
4	63	25.5
4	64	42.4
4	65	35.4
4	66	38.9
4	67	7.0
4	68	7.3
4	69	31.4
4	70	34.2
4	71	33.1
4	72	26.9
4	73	21.1
4	74	15.8
4	75	5.4
5	6	26.1
5	7	30.4
5	8	25.0
5	9	48.6
5	10	48.4
5	11	45.0
5	12	36.9
5	13	16.6
5	14	37.7
5	15	8.1
5	16	37.6
5	17	32.6
5	18	58.4
5	19	28.9
5	20	12.5
5	21	13.0
5	22	29.8
5	23	44.7
5	24	53.2
5	25	58.1
5	26	29.5
5	27	14.0
5	28	20.4
5	29	6.7
5	30	13.4
5	31	60.9
5	32	46.7
5	33	30.4
5	34	20.6
5	35	30.0
5	36	10.0
5	37	7.1
5	38	46.7
5	39	47.2
5	40	39.1
5	41	43.1
5	42	40.4
5	43	39.0
5	44	44.0
5	45	11.2
5	46	22.4
5	47	7.1
5	48	7.1
5	49	46.6
5	50	53.8
5	51	32.2
5	52	18.0
5	53	37.0
5	54	24.2
5	55	67.3
5	56	49.3
5	57	12.2
5	58	42.7
5	59	46.5
5	60	18.4
5	61	23.6
5	62	25.0
5	63	36.4
5	64	42.7
5	65	50.2
5	66	52.0
5	67	24.2
5	68	21.4
5	69	16.8
5	70	16.3
5	71	15.5
5	72	44.7
5	73	28.3
5	74	15.0
5	75	22.7
6	7	23.3
6	8	24.6
6	9	26.0
6	10	32.8
6	11	38.0
6	12	17.1
6	13	29.0
6	14	37.0
6	15	30.7
6	16	12.2
6	17	10.0
6	18	32.6
6	19	32.2
6	20	38.6
6	21	23.7
6	22	22.1
6	23	22.8
6	24	27.5
6	25	34.0
6	26	14.4
6	27	22.0
6	28	18.1
6	29	20.6
6	30	12.8
6	31	42.0
6	32	22.0
6	33	8.6
6	34	18.0
6	35	27.2
6	36	31.9
6	37	33.0
6	38	34.9
6	39	26.2
6	40	16.3
6	41	27.0
6	42	26.9
6	43	22.7
6	44	18.4
6	45	17.5
6	46	19.7
6	47	25.5
6	48	19.8
6	49	21.4
6	50	28.4
6	51	6.4
6	52	21.4
6	53	31.8
6	54	34.7
6	55	42.7
6	56	28.5
6	57	32.8
6	58	26.9
6	59	47.6
6	60	43.1
6	61	28.2
6	62	14.3
6	63	13.6
6	64	34.1
6	65	39.8
6	66	44.9
6	67	14.4
6	68	5.1
6	69	34.5
6	70	42.0
6	71	38.9
6	72	26.1
6	73	11.7
6	74	15.7
6	75	7.6
7	8	7.1
7	9	25.6
7	10	18.9
7	11	15.8
7	12	15.0
7	13	19.2
7	14	13.9
7	15	28.6
7	16	32.2
7	17	18.0
7	18	41.4
7	19	12.2
7	20	39.4
7	21	37.5
7	22	44.1
7	23	44.8
7	24	43.6
7	25	35.8
7	26	9.8
7	27	16.8
7	28	37.2
7	29	24.1
7	30	25.0
7	31	32.2
7	32	28.2
7	33	31.9
7	34	10.0
7	35	5.0
7	36	40.2
7	37	36.4
7	38	16.3
7	39	22.4
7	40	20.0
7	41	50.3
7	42	50.2
7	43	46.0
7	44	29.1
7	45	20.0
7	46	8.1
7	47	35.0
7	48	29.1
7	49	39.8
7	50	35.5
7	51	23.7
7	52	12.6
7	53	8.6
7	54	19.2
7	55	44.7
7	56	50.6
7	57	27.5
7	58	14.1
7	59	24.4
7	60	48.1
7	61	46.2
7	62	36.1
7	63	36.1
7	64	57.0
7	65	20.0
7	66	23.1
7	67	9.4
7	68	20.8
7	69	46.0
7	70	44.9
7	71	45.9
7	72	18.0
7	73	34.7
7	74	31.6
7	75	16.4
8	9	32.2
8	10	25.8
8	11	20.0
8	12	20.9
8	13	12.2
8	14	13.9
8	15	22.1
8	16	35.2
8	17	22.0
8	18	47.3
8	19	7.6
8	20	32.9
8	21	33.8
8	22	43.2
8	23	47.2
8	24	48.0
8	25	42.5
8	26	14.0
8	27	11.0
8	28	35.2
8	29	19.2
8	30	22.5
8	31	39.2
8	32	34.0
8	33	33.1
8	34	7.1
8	35	5.0
8	36	35.0
8	37	30.4
8	38	22.5
8	39	29.2
8	40	25.5
8	41	51.3
8	42	50.6
8	43	46.9
8	44	34.1
8	45	15.8
8	46	5.0
8	47	30.4
8	48	25.0
8	49	43.6
8	50	41.5
8	51	26.7
8	52	7.1
8	53	12.0
8	54	12.6
8	55	51.5
8	56	52.9
8	57	20.6
8	58	21.2
8	59	24.2
8	60	42.0
8	61	43.4
8	62	35.4
8	63	38.1
8	64	56.6
8	65	25.5
8	66	27.1
8	67	10.4
8	68	20.8
8	69	41.3
8	70	38.6
8	71	40.2
8	72	25.0
8	73	35.0
8	74	29.2
8	75	17.0
9	10	15.7
9	11	29.6
9	12	12.0
9	13	43.3
9	14	36.1
9	15	50.2
9	16	23.5
9	17	16.6
9	18	17.3
9	19	37.6
9	20	60.2
9	21	49.4
9	22	46.0
9	23	34.4
9	24	24.8
9	25	10.3
9	26	19.8
9	27	38.3
9	28	43.9
9	29	42.0
9	30	37.1
9	31	17.7
9	32	7.2
9	33	30.0
9	34	30.6
9	35	30.4
9	36	56.4
9	37	55.6
9	38	22.1
9	39	4.1
9	40	9.8
9	41	44.3
9	42	46.3
9	43	41.2
9	44	12.1
9	45	37.6
9	46	30.2
9	47	50.1
9	48	43.9
9	49	25.2
9	50	11.4
9	51	20.2
9	52	35.0
9	53	29.1
9	54	44.8
9	55	19.4
9	56	39.4
9	57	50.4
9	58	14.0
9	59	44.3
9	60	66.9
9	61	53.9
9	62	39.2
9	63	29.6
9	64	55.1
9	65	26.4
9	66	33.6
9	67	25.5
9	68	28.6
9	69	60.0
9	70	64.8
9	71	63.3
9	72	9.1
9	73	35.0
9	74	41.4
9	75	26.1
10	11	15.0
10	12	15.8
10	13	38.0
10	14	23.8
10	15	47.4
10	16	35.5
10	17	23.1
10	18	32.6
10	19	28.4
10	20	58.1
10	21	53.2
10	22	54.8
10	23	47.8
10	24	40.2
10	25	23.1
10	26	20.0
10	27	35.3
10	28	50.2
10	29	41.8
10	30	40.1
10	31	13.5
10	32	22.2
10	33	39.6
10	34	27.9
10	35	21.9
10	36	57.7
10	37	54.8
10	38	7.0
10	39	11.7
10	40	18.9
10	41	56.4
10	42	57.7
10	43	52.8
10	44	26.2
10	45	37.4
10	46	26.4
10	47	52.0
10	48	45.7
10	49	39.6
10	50	26.9
10	51	29.2
10	52	31.3
10	53	17.5
10	54	36.8
10	55	30.3
10	56	53.3
10	57	46.3
10	58	6.0
10	59	30.1
10	60	66.5
10	61	60.1
10	62	47.1
10	63	41.2
10	64	65.9
10	65	10.8
10	66	18.0
10	67	24.5
10	68	33.1
10	69	62.8
10	70	63.6
10	71	63.9
10	72	7.8
10	73	44.0
10	74	46.0
10	75	29.0
11	12	24.4
11	13	30.8
11	14	10.6
11	15	41.6
11	16	44.7
11	17	30.4
11	18	46.9
11	19	18.4
11	20	52.2
11	21	53.2
11	22	59.5
11	23	57.5
11	24	52.8
11	25	38.0
11	26	23.6
11	27	31.0
11	28	52.9
11	29	39.1
11	30	40.8
11	31	26.4
11	32	35.1
11	33	46.2
11	34	25.5
11	35	15.0
11	36	55.0
11	37	50.2
11	38	8.1
11	39	25.5
11	40	29.2
11	41	64.4
11	42	64.8
11	43	60.3
11	44	38.0
11	45	35.4
11	46	23.3
11	47	50.2
11	48	44.6
11	49	50.8
11	50	41.0
11	51	36.8
11	52	27.0
11	53	8.0
11	54	26.8
11	55	45.3
11	56	63.3
11	57	39.3
11	58	15.8
11	59	15.0
11	60	61.7
11	61	62.0
11	62	51.5
11	63	49.5
11	64	72.1
11	65	7.1
11	66	7.3
11	67	25.1
11	68	36.2
11	69	61.2
11	70	58.1
11	71	60.1
11	72	20.6
11	73	49.6
11	74	47.4
11	75	31.8
12	13	31.4
12	14	27.7
12	15	38.2
12	16	20.5
12	17	7.3
12	18	26.5
12	19	27.2
12	20	48.3
12	21	39.1
12	22	39.1
12	23	33.2
12	24	29.1
12	25	22.2
12	26	7.8
12	27	26.2
12	28	35.0
12	29	30.2
12	30	26.2
12	31	25.3
12	32	13.2
12	33	23.8
12	34	18.6
12	35	20.0
12	36	45.2
12	37	43.8
12	38	19.2
12	39	10.3
12	40	5.1
12	41	41.0
12	42	42.1
12	43	37.2
12	44	14.3
12	45	25.8
12	46	18.4
12	47	39.0
12	48	32.7
12	49	26.4
12	50	20.6
12	51	13.4
12	52	23.0
12	53	20.9
12	54	33.5
12	55	31.4
12	56	38.9
12	57	38.4
12	58	10.3
12	59	37.3
12	60	55.2
12	61	45.0
12	62	31.4
12	63	25.8
12	64	50.2
12	65	24.2
12	66	30.4
12	67	13.5
12	68	18.2
12	69	49.3
12	70	53.0
12	71	51.9
12	72	9.0
12	73	28.2
12	74	31.4
12	75	14.9
13	14	22.0
13	15	11.0
13	16	41.0
13	17	30.4
13	18	57.0
13	19	13.0
13	20	21.4
13	21	28.4
13	22	42.2
13	23	51.5
13	24	55.6
13	25	53.5
13	26	23.7
13	27	7.1
13	28	33.0
13	29	13.5
13	30	21.0
13	31	51.4
13	32	43.9
13	33	36.5
13	34	13.0
13	35	16.6
13	36	26.2
13	37	20.1
13	38	34.4
13	39	40.6
13	40	35.3
13	41	53.1
13	42	51.5
13	43	48.7
13	44	43.0
13	45	13.0
13	46	13.0
13	47	23.3
13	48	19.8
13	49	50.1
13	50	51.5
13	51	33.2
13	52	8.5
13	53	23.1
13	54	7.8
13	55	62.7
13	56	56.9
13	57	8.5
13	58	33.3
13	59	30.1
13	60	31.1
13	61	38.9
13	62	35.3
13	63	42.3
13	64	55.8
13	65	37.0
13	66	37.3
13	67	18.4
13	68	24.1
13	69	33.2
13	70	27.3
13	71	30.1
13	72	36.8
13	73	36.7
13	74	26.6
13	75	22.1
14	15	33.0
14	16	46.1
14	17	31.8
14	18	53.0
14	19	9.0
14	20	43.2
14	21	47.5
14	22	56.9
14	23	58.7
14	24	56.8
14	25	45.5
14	26	23.7
14	27	24.0
14	28	49.1
14	29	32.6
14	30	36.4
14	31	36.4
14	32	40.2
14	33	45.6
14	34	20.8
14	35	9.9
14	36	47.7
14	37	42.0
14	38	17.5
14	39	32.1
14	40	32.8
14	41	64.0
14	42	63.7
14	43	59.7
14	44	42.0
14	45	29.5
14	46	18.6
14	47	43.7
14	48	38.6
14	49	53.5
14	50	47.0
14	51	37.6
14	52	20.6
14	53	7.0
14	54	16.8
14	55	53.6
14	56	64.5
14	57	30.1
14	58	22.2
14	59	10.6
14	60	53.0
14	61	57.2
14	62	48.9
14	63	49.9
14	64	70.1
14	65	17.7
14	66	15.8
14	67	22.7
14	68	33.9
14	69	54.3
14	70	49.2
14	71	52.1
14	72	27.2
14	73	48.1
14	74	43.0
14	75	29.7
15	16	42.7
15	17	35.2
15	18	61.9
15	19	24.0
15	20	10.8
15	21	21.1
15	22	37.6
15	23	51.2
15	24	58.2
15	25	60.2
15	26	30.4
15	27	12.2
15	28	28.2
15	29	10.2
15	30	19.1
15	31	60.5
15	32	49.4
15	33	36.3
15	34	20.0
15	35	26.9
15	36	16.1
15	37	9.2
15	38	44.6
15	39	48.2
15	40	41.2
15	41	50.5
15	42	48.1
15	43	46.3
15	44	47.5
15	45	13.4
15	46	21.1
15	47	15.0
15	48	14.3
15	49	51.9
15	50	56.9
15	51	36.2
15	52	16.1
15	53	33.7
15	54	17.7
15	55	69.4
15	56	56.0
15	57	4.2
15	58	42.2
15	59	40.8
15	60	20.1
15	61	31.6
15	62	32.2
15	63	42.4
15	64	50.7
15	65	47.5
15	66	48.3
15	67	24.8
15	68	25.6
15	69	23.3
15	70	16.5
15	71	19.2
15	72	45.0
15	73	35.0
15	74	22.4
15	75	25.6
16	17	14.4
16	18	23.3
16	19	42.7
16	20	50.1
16	21	32.5
16	22	23.5
16	23	12.8
16	24	15.7
16	25	28.3
16	26	22.4
16	27	34.1
16	28	24.4
16	29	32.6
16	30	24.2
16	31	41.2
16	32	17.0
16	33	8.6
16	34	29.3
16	35	36.8
16	36	42.0
16	37	44.3
16	38	39.7
16	39	25.6
16	40	16.6
16	41	21.0
16	42	22.8
16	43	17.7
16	44	12.0
16	45	29.6
16	46	30.6
16	47	35.8
16	48	30.9
16	49	9.2
16	50	20.9
16	51	8.5
16	52	33.1
16	53	40.0
16	54	46.3
16	55	35.7
16	56	18.6
16	57	44.9
16	58	30.6
16	59	56.4
16	60	53.6
16	61	33.5
16	62	18.4
16	63	6.1
16	64	31.6
16	65	44.7
16	66	50.9
16	67	24.7
16	68	17.3
16	69	43.2
16	70	53.0
16	71	49.0
16	72	27.8
16	73	13.4
16	74	24.8
16	75	19.0
17	18	26.8
17	19	29.3
17	20	44.6
17	21	32.9
17	22	31.8
17	23	27.2
17	24	26.0
17	25	25.6
17	26	8.2
17	27	24.2
17	28	28.1
17	29	26.2
17	30	20.6
17	31	32.1
17	32	14.2
17	33	16.6
17	34	17.5
17	35	22.8
17	36	40.0
17	37	39.6
17	38	26.1
17	39	16.3
17	40	6.7
17	41	34.2
17	42	35.0
17	43	30.2
17	44	12.6
17	45	22.0
17	46	18.1
17	47	33.6
17	48	27.5
17	49	21.8
17	50	21.6
17	51	6.4
17	52	21.8
17	53	25.6
17	54	34.1
17	55	34.7
17	56	33.0
17	57	36.2
17	58	17.5
17	59	42.1
17	60	50.6
17	61	38.1
17	62	24.2
17	63	19.1
17	64	43.0
17	65	31.1
17	66	36.9
17	67	12.2
17	68	12.1
17	69	43.5
17	70	48.8
17	71	46.9
17	72	16.1
17	73	20.9
17	74	25.0
17	75	9.9
18	19	53.6
18	20	70.8
18	21	55.4
18	22	46.2
18	23	28.1
18	24	13.2
18	25	11.3
18	26	33.5
18	27	51.0
18	28	47.7
18	29	52.4
18	30	45.3
18	31	29.7
18	32	13.3
18	33	31.9
18	34	44.0
18	35	46.4
18	36	64.4
18	37	65.4
18	38	39.3
18	39	21.4
18	40	21.8
18	41	39.1
18	42	42.4
18	43	37.7
18	44	14.4
18	45	48.5
18	46	44.3
18	47	58.0
18	48	52.4
18	49	18.2
18	50	6.0
18	51	26.2
18	52	48.5
18	53	46.0
18	54	59.9
18	55	14.0
18	56	31.1
18	57	63.1
18	58	31.3
18	59	61.5
18	60	75.7
18	61	56.8
18	62	41.7
18	63	28.2
18	64	51.4
18	65	43.3
18	66	50.6
18	67	38.6
18	68	37.0
18	69	66.2
18	70	74.5
18	71	71.4
18	72	26.3
18	73	36.7
18	74	47.5
18	75	36.4
19	20	34.2
19	21	39.4
19	22	50.2
19	23	54.8
19	24	55.2
19	25	47.8
19	26	21.1
19	27	15.7
19	28	41.9
19	29	24.2
19	30	29.1
19	31	41.8
19	32	40.3
19	33	40.7
19	34	14.4
19	35	7.3
19	36	38.8
19	37	33.1
19	38	23.4
19	39	34.2
19	40	32.1
19	41	58.8
19	42	58.0
19	43	54.4
19	44	41.0
19	45	21.6
19	46	12.5
19	47	35.1
19	48	30.4
19	49	51.0
19	50	47.7
19	51	34.2
19	52	12.8
19	53	11.4
19	54	8.6
19	55	56.5
19	56	60.5
19	57	21.2
19	58	25.1
19	59	17.9
19	60	44.0
19	61	49.4
19	62	42.5
19	63	45.7
19	64	63.7
19	65	25.1
19	66	24.5
19	67	18.0
19	68	28.3
19	69	45.6
19	70	40.2
19	71	43.1
19	72	29.5
19	73	42.4
19	74	35.6
19	75	24.6
20	21	22.0
20	22	40.0
20	23	56.8
20	24	65.7
20	25	70.0
20	26	40.6
20	27	22.8
20	28	31.1
20	29	18.4
20	30	25.9
20	31	71.2
20	32	58.8
20	33	42.7
20	34	30.5
20	35	37.6
20	36	12.6
20	37	6.1
20	38	55.4
20	39	58.4
20	40	50.9
20	41	54.1
20	42	51.0
20	43	50.2
20	44	56.4
20	45	22.6
20	46	31.8
20	47	16.0
20	48	19.3
20	49	59.1
20	50	66.1
20	51	44.7
20	52	26.8
20	53	44.4
20	54	27.0
20	55	79.2
20	56	61.0
20	57	13.0
20	58	52.8
20	59	50.2
20	60	10.2
20	61	31.0
20	62	36.5
20	63	48.7
20	64	51.8
20	65	58.2
20	66	58.7
20	67	35.0
20	68	33.8
20	69	18.9
20	70	6.0
20	71	11.4
20	72	55.5
20	73	40.3
20	74	26.7
20	75	34.7
21	22	18.0
21	23	36.2
21	24	47.6
21	25	57.7
21	26	33.1
21	27	23.7
21	28	9.5
21	29	15.3
21	30	13.0
21	31	64.3
21	32	45.7
21	33	24.1
21	34	27.7
21	35	38.6
21	36	10.4
21	37	16.1
21	38	53.1
21	39	49.0
21	40	39.6
21	41	32.2
21	42	29.0
21	43	28.6
21	44	41.9
21	45	18.0
21	46	29.8
21	47	6.3
21	48	8.9
21	49	40.6
21	50	51.9
21	51	30.0
21	52	26.9
21	53	45.4
21	54	36.2
21	55	66.4
21	56	39.8
21	57	25.2
21	58	47.2
21	59	57.2
21	60	21.9
21	61	10.6
21	62	15.7
21	63	29.4
21	64	30.1
21	65	57.3
21	66	60.4
21	67	29.0
21	68	20.9
21	69	10.8
21	70	22.6
21	71	17.0
21	72	47.9
21	73	20.2
21	74	8.1
21	75	24.3
22	23	21.2
22	24	35.5
22	25	51.8
22	26	36.2
22	27	35.8
22	28	9.5
22	29	29.1
22	30	21.4
22	31	63.2
22	32	40.2
22	33	16.0
22	34	36.1
22	35	47.0
22	36	28.2
22	37	34.1
22	38	57.0
22	39	47.2
22	40	37.2
22	41	14.6
22	42	11.0
22	43	11.7
22	44	35.4
22	45	29.4
22	46	38.3
22	47	24.1
22	48	23.4
22	49	28.7
22	50	44.4
22	51	26.2
22	52	37.5
22	53	52.7
22	54	49.6
22	55	59.2
22	56	23.3
22	57	41.4
22	58	49.0
22	59	67.4
22	60	39.1
22	61	12.2
22	62	8.1
22	63	18.0
22	64	13.6
22	65	61.8
22	66	66.6
22	67	34.7
22	68	23.3
22	69	25.6
22	70	40.3
22	71	34.0
22	72	47.9
22	73	11.0
22	74	15.7
22	75	27.8
23	24	15.5
23	25	36.5
23	26	35.0
23	27	44.4
23	28	26.8
23	29	41.0
23	30	32.1
23	31	52.0
23	32	27.3
23	33	15.0
23	34	40.8
23	35	49.2
23	36	46.6
23	37	50.7
23	38	52.3
23	39	37.2
23	40	29.1
23	41	11.0
23	42	14.6
23	43	10.3
23	44	22.4
23	45	39.1
23	46	42.4
23	47	41.1
23	48	37.7
23	49	10.0
23	50	28.3
23	51	21.1
23	52	44.1
23	53	52.7
23	54	57.5
23	55	42.0
23	56	5.8
23	57	54.0
23	58	43.2
23	59	69.1
23	60	58.2
23	61	33.3
23	62	20.6
23	63	9.2
23	64	23.3
23	65	57.3
23	66	63.7
23	67	36.8
23	68	27.5
23	69	45.8
23	70	58.5
23	71	53.2
23	72	40.0
23	73	16.5
23	74	30.1
23	75	30.4
24	25	23.3
24	26	34.1
24	27	48.8
24	28	38.9
24	29	48.1
24	30	39.8
24	31	40.8
24	32	18.0
24	33	23.6
24	34	43.1
24	35	48.5
24	36	57.4
24	37	59.9
24	38	46.1
24	39	28.6
24	40	24.0
24	41	26.5
24	42	30.1
24	43	25.6
24	44	14.9
24	45	44.9
24	46	44.0
24	47	51.3
24	48	46.5
24	49	7.1
24	50	15.3
24	51	22.4
24	52	47.3
24	53	50.0
24	54	60.0
24	55	27.2
24	56	18.0
24	57	60.2
24	58	37.1
24	59	66.4
24	60	69.1
24	61	47.0
24	62	32.5
24	63	18.4
24	64	38.8
24	65	50.8
24	66	57.8
24	67	38.0
24	68	32.6
24	69	58.1
24	70	68.6
24	71	64.4
24	72	32.8
24	73	27.6
24	74	40.2
24	75	33.5
25	26	30.0
25	27	48.4
25	28	51.3
25	29	51.7
25	30	46.0
25	31	18.4
25	32	12.1
25	33	36.1
25	34	40.8
25	35	40.5
25	36	65.5
25	37	65.2
25	38	30.1
25	39	13.6
25	40	19.1
25	41	47.3
25	42	50.0
25	43	45.0
25	44	16.5
25	45	47.4
25	46	40.5
25	47	59.1
25	48	53.0
25	49	26.5
25	50	8.2
25	51	27.7
25	52	45.2
25	53	38.6
25	54	55.0
25	55	9.2
25	56	40.5
25	57	60.6
25	58	23.3
25	59	53.0
25	60	76.2
25	61	61.0
25	62	45.9
25	63	34.1
25	64	59.0
25	65	33.5
25	66	40.8
25	67	35.6
25	68	37.4
25	69	68.5
25	70	74.4
25	71	72.4
25	72	18.4
25	73	41.2
25	74	49.6
25	75	35.5
26	27	18.4
26	28	30.6
26	29	22.8
26	30	20.1
26	31	31.6
26	32	20.2
26	33	22.7
26	34	10.8
26	35	14.6
26	36	38.3
26	37	36.4
26	38	20.9
26	39	17.8
26	40	11.7
26	41	41.0
26	42	41.2
26	43	36.8
26	44	20.1
26	45	18.4
26	46	10.8
26	47	32.3
26	48	26.0
26	49	30.1
26	50	27.9
26	51	13.9
26	52	15.3
26	53	17.8
26	54	26.5
26	55	39.2
26	56	40.8
26	57	30.6
26	58	14.0
26	59	34.1
26	60	47.9
26	61	40.3
26	62	28.2
26	63	26.4
26	64	48.5
26	65	25.6
26	66	30.5
26	67	5.7
26	68	13.3
26	69	43.0
26	70	45.5
26	71	44.8
26	72	15.2
26	73	26.1
26	74	26.0
26	75	9.1
27	28	26.9
27	29	8.5
27	30	14.4
27	31	48.4
27	32	38.1
27	33	29.4
27	34	7.8
27	35	16.0
27	36	24.0
27	37	19.6
27	38	33.0
27	39	36.1
27	40	29.7
27	41	46.2
27	42	44.7
27	43	41.8
27	44	36.8
27	45	6.4
27	46	8.9
27	47	19.6
27	48	14.8
27	49	43.2
27	50	45.7
27	51	26.5
27	52	4.1
27	53	23.0
27	54	13.9
27	55	57.6
27	56	49.8
27	57	12.2
27	58	30.0
27	59	33.5
27	60	31.3
27	61	33.8
27	62	28.7
27	63	35.2
27	64	49.4
27	65	36.3
27	66	38.1
27	67	12.8
27	68	17.0
27	69	30.4
27	70	28.2
27	71	29.3
27	72	32.8
27	73	29.7
27	74	20.5
27	75	15.3
28	29	19.7
28	30	12.8
28	31	60.1
28	32	39.2
28	33	15.8
28	34	28.3
28	35	39.4
28	36	19.9
28	37	25.0
28	38	51.4
28	39	44.3
28	40	34.4
28	41	23.0
28	42	20.1
28	43	19.2
28	44	34.9
28	45	20.5
28	46	30.5
28	47	15.0
28	48	13.9
28	49	31.8
28	50	44.7
28	51	23.8
28	52	29.1
28	53	45.6
28	54	40.6
28	55	59.5
28	56	30.4
28	57	32.0
28	58	44.3
28	59	59.4
28	60	31.4
28	61	10.0
28	62	6.4
28	63	20.5
28	64	22.8
28	65	56.0
28	66	60.2
28	67	27.9
28	68	17.3
28	69	19.2
28	70	32.0
28	71	26.4
28	72	44.0
28	73	11.3
28	74	6.4
28	75	21.6
29	30	9.0
29	31	54.2
29	32	40.4
29	33	26.2
29	34	14.1
29	35	24.2
29	36	16.1
29	37	13.6
29	38	40.3
29	39	40.5
29	40	32.6
29	41	41.0
29	42	38.9
29	43	36.7
29	44	38.0
29	45	4.5
29	46	16.0
29	47	11.2
29	48	6.4
29	49	41.8
29	50	47.6
29	51	26.4
29	52	12.2
29	53	31.1
29	54	21.2
29	55	60.8
29	56	46.0
29	57	13.0
29	58	36.1
29	59	42.0
29	60	25.1
29	61	25.6
29	62	22.8
29	63	32.2
29	64	42.5
29	65	44.0
29	66	46.3
29	67	17.5
29	68	15.7
29	69	22.1
29	70	22.8
29	71	22.1
29	72	38.0
29	73	25.1
29	74	13.4
29	75	16.3
30	31	51.4
30	32	34.2
30	33	17.3
30	34	15.7
30	35	26.8
30	36	19.4
30	37	20.2
30	38	40.2
30	39	36.4
30	40	27.3
30	41	32.3
30	42	30.5
30	43	27.9
30	44	31.1
30	45	8.1
30	46	17.9
30	47	13.0
30	48	7.1
30	49	33.2
30	50	41.0
30	51	19.1
30	52	16.3
30	53	33.2
30	54	28.3
30	55	55.0
30	56	37.0
30	57	22.0
30	58	34.1
30	59	46.6
30	60	30.4
30	61	21.2
30	62	14.3
30	63	23.3
30	64	35.0
30	65	44.6
30	66	48.1
30	67	16.1
30	68	8.6
30	69	23.1
30	70	29.2
30	71	26.4
30	72	34.9
30	73	16.1
30	74	6.7
30	75	11.4
31	32	24.7
31	33	47.3
31	34	40.7
31	35	35.4
31	36	69.9
31	37	67.5
31	38	18.9
31	39	16.0
31	40	26.0
31	41	62.0
31	42	64.0
31	43	58.9
31	44	29.7
31	45	49.8
31	46	39.4
31	47	63.9
31	48	57.6
31	49	42.5
31	50	25.6
31	51	37.1
31	52	44.4
31	53	30.6
31	54	50.2
31	55	21.8
31	56	56.8
31	57	59.6
31	58	18.4
31	59	40.8
31	60	79.2
31	61	70.2
31	62	56.0
31	63	47.3
31	64	72.8
31	65	19.9
31	66	26.3
31	67	36.8
31	68	43.6
31	69	74.5
31	70	76.5
31	71	76.3
31	72	16.5
31	73	52.2
31	74	56.7
31	75	40.0
32	33	24.3
32	34	30.9
32	35	33.1
32	36	53.6
32	37	53.7
32	38	28.2
32	39	10.6
32	40	8.5
32	41	37.4
32	42	39.6
32	43	34.5
32	44	5.1
32	45	36.2
32	46	31.0
32	47	47.2
32	48	41.2
32	49	18.0
32	50	7.6
32	51	15.7
32	52	35.3
32	53	33.2
32	54	46.6
32	55	20.8
32	56	32.2
32	57	50.2
32	58	19.3
32	59	49.2
32	60	64.5
32	61	49.0
32	62	34.0
32	63	23.1
32	64	48.5
32	65	32.8
32	66	39.8
32	67	25.5
32	68	25.6
32	69	56.4
32	70	62.9
32	71	60.6
32	72	14.8
32	73	29.4
32	74	37.6
32	75	24.1
33	34	26.4
33	35	35.8
33	36	33.8
33	37	36.8
33	38	42.5
33	39	31.3
33	40	21.4
33	41	18.4
33	42	18.6
33	43	14.1
33	44	19.6
33	45	24.0
33	46	28.2
33	47	27.8
33	48	23.4
33	49	16.6
33	50	29.2
33	51	10.4
33	52	29.4
33	53	40.3
33	54	42.7
33	55	44.0
33	56	20.4
33	57	39.1
33	58	34.0
33	59	56.2
33	60	45.5
33	61	25.1
33	62	9.8
33	63	6.1
33	64	26.4
33	65	47.5
33	66	53.0
33	67	23.0
33	68	12.6
33	69	34.7
33	70	45.2
33	71	40.8
33	72	32.3
33	73	5.1
33	74	16.6
33	75	16.1
34	35	11.2
34	36	30.3
34	37	26.9
34	38	26.2
34	39	28.3
34	40	22.4
34	41	44.4
34	42	43.6
34	43	40.0
34	44	30.1
34	45	10.0
34	46	2.2
34	47	25.0
34	48	19.1
34	49	38.1
34	50	38.5
34	51	21.0
34	52	4.5
34	53	17.7
34	54	17.0
34	55	50.0
34	56	46.5
34	57	19.8
34	58	22.4
34	59	31.2
34	60	38.6
34	61	36.8
34	62	28.3
34	63	31.6
34	64	49.5
34	65	30.0
34	66	32.8
34	67	5.4
34	68	13.9
34	69	36.0
34	70	35.8
34	71	36.1
34	72	25.0
34	73	28.0
34	74	22.4
34	75	10.4
35	36	40.0
35	37	35.4
35	38	17.9
35	39	26.9
35	40	25.0
35	41	54.2
35	42	53.8
35	43	49.8
35	44	34.1
35	45	20.6
35	46	8.9
35	47	35.4
35	48	29.8
35	49	44.6
35	50	40.4
35	51	28.2
35	52	12.0
35	53	7.0
35	54	15.0
35	55	49.2
35	56	55.0
35	57	25.1
35	58	18.0
35	59	20.5
35	60	46.9
35	61	47.9
35	62	39.1
35	63	40.3
35	64	60.2
35	65	20.6
35	66	22.1
35	67	12.8
35	68	24.0
35	69	46.3
35	70	43.4
35	71	45.2
35	72	22.4
35	73	38.2
35	74	33.5
35	75	19.8
36	37	7.8
36	38	56.4
36	39	55.5
36	40	46.6
36	41	42.6
36	42	39.2
36	43	39.1
36	44	50.3
36	45	20.4
36	46	32.1
36	47	6.4
36	48	12.5
36	49	50.5
36	50	60.3
36	51	38.3
36	52	28.0
36	53	47.0
36	54	33.6
36	55	74.4
36	56	50.3
36	57	20.2
36	58	51.9
36	59	56.3
36	60	11.7
36	61	18.4
36	62	26.0
36	63	39.4
36	64	39.3
36	65	60.1
36	66	62.1
36	67	33.2
36	68	28.0
36	69	7.2
36	70	12.2
36	71	7.1
36	72	53.5
36	73	30.4
36	74	17.2
36	75	30.4
37	38	52.6
37	39	54.1
37	40	46.1
37	41	48.0
37	42	45.0
37	43	44.2
37	44	51.1
37	45	18.0
37	46	28.5
37	47	10.0
37	48	13.4
37	49	53.2
37	50	60.9
37	51	39.2
37	52	23.8
37	53	42.3
37	54	26.9
37	55	74.3
37	56	54.9
37	57	13.0
37	58	49.2
37	59	50.0
37	60	11.7
37	61	25.6
37	62	30.4
37	63	42.7
37	64	46.1
37	65	55.9
37	66	57.1
37	67	30.9
37	68	28.4
37	69	14.9
37	70	9.2
37	71	10.0
37	72	51.5
37	73	34.2
37	74	20.6
37	75	29.7
38	39	18.0
38	40	23.3
38	41	60.2
38	42	61.1
38	43	56.3
38	44	31.6
38	45	36.1
38	46	24.3
38	47	51.1
38	48	45.0
38	49	44.8
38	50	33.5
38	51	32.4
38	52	28.9
38	53	12.0
38	54	32.0
38	55	37.2
38	56	58.0
38	57	43.0
38	58	9.2
38	59	23.1
38	60	64.3
38	61	61.0
38	62	49.0
38	63	45.0
38	64	68.9
38	65	5.0
38	66	11.7
38	67	24.1
38	68	34.2
38	69	62.1
38	70	61.0
38	71	62.2
38	72	13.4
38	73	46.5
38	74	46.5
38	75	29.8
39	40	10.0
39	41	46.6
39	42	48.4
39	43	43.3
39	44	15.0
39	45	36.1
39	46	27.7
39	47	49.2
39	48	43.0
39	49	28.4
39	50	15.5
39	51	21.0
39	52	32.6
39	53	25.2
39	54	41.6
39	55	22.4
39	56	42.4
39	57	48.1
39	58	10.0
39	59	40.2
39	60	65.5
39	61	54.3
39	62	40.0
39	63	31.6
39	64	57.0
39	65	22.4
39	66	29.5
39	67	23.4
39	68	28.2
39	69	59.5
39	70	63.2
39	71	62.2
39	72	5.0
39	73	36.1
39	74	41.2
39	75	25.1
40	41	37.6
40	42	39.0
40	43	34.0
40	44	9.2
40	45	28.3
40	46	22.5
40	47	40.3
40	48	34.1
40	49	21.6
40	50	16.2
40	51	11.0
40	52	26.8
40	53	26.0
40	54	38.1
40	55	28.3
40	56	34.7
40	57	41.9
40	58	14.1
40	59	42.4
40	60	57.2
40	61	44.4
40	62	30.0
40	63	22.4
40	64	47.4
40	65	28.3
40	66	34.8
40	67	17.0
40	68	18.8
40	69	50.2
40	70	55.3
40	71	53.5
40	72	11.2
40	73	26.2
40	74	31.6
40	75	16.4
41	42	4.2
41	43	4.5
41	44	32.3
41	45	40.2
41	46	46.3
41	47	38.1
41	48	36.2
41	49	21.0
41	50	39.1
41	51	27.8
41	52	47.0
41	53	58.7
41	54	60.0
41	55	53.0
41	56	10.0
41	57	53.9
41	58	51.3
41	59	74.7
41	60	53.6
41	61	26.4
41	62	18.2
41	63	15.3
41	64	12.4
41	65	65.2
41	66	71.1
41	67	41.4
41	68	30.5
41	69	40.2
41	70	54.7
41	71	48.5
41	72	48.8
41	73	16.6
41	74	28.2
41	75	34.4
42	43	5.1
42	44	34.5
42	45	38.5
42	46	45.6
42	47	35.0
42	48	33.7
42	49	24.2
42	50	42.0
42	51	28.7
42	52	45.8
42	53	58.7
42	54	58.6
42	55	56.2
42	56	14.2
42	57	51.7
42	58	52.4
42	59	74.3
42	60	50.0
42	61	22.5
42	62	16.2
42	63	16.8
42	64	9.0
42	65	66.0
42	66	71.6
42	67	41.0
42	68	29.8
42	69	36.4
42	70	51.4
42	71	44.9
42	72	50.2
42	73	15.6
42	74	25.7
42	75	34.0
43	44	29.4
43	45	35.7
43	46	41.9
43	47	34.2
43	48	32.1
43	49	19.4
43	50	37.0
43	51	23.9
43	52	42.5
43	53	54.5
43	54	55.5
43	55	51.4
43	56	11.7
43	57	49.6
43	58	47.5
43	59	70.3
43	60	50.3
43	61	23.9
43	62	14.0
43	63	11.7
43	64	14.0
43	65	61.3
43	66	67.0
43	67	37.0
43	68	26.1
43	69	37.2
43	70	51.2
43	71	45.2
43	72	45.2
43	73	12.1
43	74	24.0
43	75	30.0
44	45	34.1
44	46	30.6
44	47	43.9
44	48	38.2
44	49	13.5
44	50	10.0
44	51	12.0
44	52	34.5
44	53	35.2
44	54	46.5
44	55	24.6
44	56	27.5
44	57	48.8
44	58	22.5
44	59	51.5
44	60	61.5
44	61	44.6
44	62	29.4
44	63	18.0
44	64	43.4
44	65	36.4
44	66	43.3
44	67	24.7
44	68	22.7
44	69	52.7
44	70	60.2
44	71	57.4
44	72	18.4
44	73	24.7
44	74	33.8
44	75	22.0
45	46	12.0
45	47	15.0
45	48	9.2
45	49	38.8
45	50	43.6
45	51	22.8
45	52	8.9
45	53	27.5
45	54	20.2
45	55	56.6
45	56	44.3
45	57	15.3
45	58	31.6
45	59	39.4
45	60	29.5
45	61	27.8
45	62	22.4
45	63	30.0
45	64	43.0
45	65	40.0
45	66	42.6
45	67	13.0
45	68	12.4
45	69	26.0
45	70	27.2
45	71	26.6
45	72	33.5
45	73	23.8
45	74	14.1
45	75	12.2
46	47	27.0
46	48	21.2
46	49	39.2
46	50	38.6
46	51	22.2
46	52	5.0
46	53	15.5
46	54	16.0
46	55	49.6
46	56	48.1
46	57	20.5
46	58	21.1
46	59	29.1
46	60	40.2
46	61	39.0
46	62	30.4
46	63	33.2
46	64	51.6
46	65	28.0
46	66	30.6
46	67	6.0
46	68	15.8
46	69	38.0
46	70	37.2
46	71	37.9
46	72	24.1
46	73	30.0
46	74	24.6
46	75	12.1
47	48	6.3
47	49	44.4
47	50	53.9
47	51	31.9
47	52	23.3
47	53	42.3
47	54	31.1
47	55	68.0
47	56	45.1
47	57	19.2
47	58	46.1
47	59	52.9
47	60	17.8
47	61	16.6
47	62	20.6
47	63	33.5
47	64	36.4
47	65	55.0
47	66	57.4
47	67	27.5
47	68	21.6
47	69	11.0
47	70	17.5
47	71	13.5
47	72	47.4
47	73	24.7
47	74	11.2
47	75	24.2
48	49	39.8
48	50	48.1
48	51	26.2
48	52	18.0
48	53	36.7
48	54	27.6
48	55	62.0
48	56	42.2
48	57	18.0
48	58	39.8
48	59	48.3
48	60	23.3
48	61	19.2
48	62	18.0
48	63	29.4
48	64	36.7
48	65	49.0
48	66	51.8
48	67	21.2
48	68	15.6
48	69	17.1
48	70	22.2
48	71	19.4
48	72	41.1
48	73	21.2
48	74	8.1
48	75	17.9
49	50	18.2
49	51	17.0
49	52	42.0
49	53	47.0
49	54	55.1
49	55	32.1
49	56	14.3
49	57	54.1
49	58	35.6
49	59	63.6
49	60	62.1
49	61	40.0
49	62	25.5
49	63	11.3
49	64	33.1
49	65	49.7
49	66	56.4
49	67	33.2
49	68	26.5
49	69	51.0
49	70	61.8
49	71	57.4
49	72	31.8
49	73	20.5
49	74	33.3
49	75	28.0
50	51	22.0
50	52	43.0
50	53	40.0
50	54	54.1
50	55	14.9
50	56	32.3
50	57	57.8
50	58	25.3
50	59	55.6
50	60	71.4
50	61	54.2
50	62	39.0
50	63	26.5
50	64	51.0
50	65	37.7
50	66	44.9
50	67	33.1
50	68	32.5
50	69	62.7
50	70	70.0
50	71	67.4
50	72	20.4
50	73	34.2
50	74	43.8
50	75	31.4
51	52	25.0
51	53	31.6
51	54	38.1
51	55	36.4
51	56	26.9
51	57	37.9
51	58	23.7
51	59	48.0
51	60	49.5
51	61	33.7
51	62	19.0
51	63	12.7
51	64	36.8
51	65	37.4
51	66	43.3
51	67	16.3
51	68	10.8
51	69	40.8
51	70	48.3
51	71	45.3
51	72	21.8
51	73	15.1
51	74	22.0
51	75	11.2
52	53	19.0
52	54	13.3
52	55	54.4
52	56	49.7
52	57	15.6
52	58	26.1
52	59	30.5
52	60	35.4
52	61	36.7
52	62	30.0
52	63	34.9
52	64	51.1
52	65	32.2
52	66	34.1
52	67	9.8
52	68	16.8
52	69	34.2
52	70	32.3
52	71	33.4
52	72	29.1
52	73	30.4
52	74	22.8
52	75	14.0
53	54	20.0
53	55	46.8
53	56	58.5
53	57	31.6
53	58	15.3
53	59	16.6
53	60	53.8
53	61	54.4
53	62	44.7
53	63	44.2
53	64	65.6
53	65	13.9
53	66	15.1
53	67	18.0
53	68	29.4
53	69	53.2
53	70	50.2
53	71	52.2
53	72	20.2
53	73	43.3
53	74	39.9
53	75	25.0
54	55	64.0
54	56	63.1
54	57	14.1
54	58	33.0
54	59	23.2
54	60	37.1
54	61	46.8
54	62	42.5
54	63	48.3
54	64	63.2
54	65	33.6
54	66	32.6
54	67	22.0
54	68	30.1
54	69	40.7
54	70	33.0
54	71	36.9
54	72	37.2
54	73	43.5
54	74	34.2
54	75	27.3
55	56	45.2
55	57	69.8
55	58	31.6
55	59	60.3
55	60	85.3
55	61	69.1
55	62	53.9
55	63	41.2
55	64	65.2
55	65	40.0
55	66	47.0
55	67	44.8
55	68	46.4
55	69	77.2
55	70	83.5
55	71	81.4
55	72	26.9
55	73	49.0
55	74	58.3
55	75	44.6
56	57	59.0
56	58	48.8
56	59	74.9
56	60	61.7
56	61	35.5
56	62	24.5
56	63	14.9
56	64	21.9
56	65	62.9
56	66	69.4
56	67	42.5
56	68	33.0
56	69	48.8
56	70	62.4
56	71	56.6
56	72	45.5
56	73	21.0
56	74	34.4
56	75	36.1
57	58	41.4
57	59	37.3
57	60	23.0
57	61	35.8
57	62	35.7
57	63	45.1
57	64	54.6
57	65	45.5
57	66	45.7
57	67	25.0
57	68	27.7
57	69	27.5
57	70	19.0
57	71	22.8
57	72	44.6
57	73	38.1
57	74	26.0
57	75	26.9
58	59	30.3
58	60	60.9
58	61	54.1
58	62	41.2
58	63	36.1
58	64	60.4
58	65	14.1
58	66	20.8
58	67	18.7
58	68	27.1
58	69	56.9
58	70	58.1
58	71	58.2
58	72	5.0
58	73	38.3
58	74	40.0
58	75	23.0
59	60	60.3
59	61	67.2
59	62	59.5
59	63	60.5
59	64	80.7
59	65	20.9
59	66	15.3
59	67	33.3
59	68	44.6
59	69	63.2
59	70	56.1
59	71	60.0
59	72	35.2
59	73	58.7
59	74	53.3
59	75	40.4
60	61	28.1
60	62	37.6
60	63	51.1
60	64	49.0
60	65	67.5
60	66	68.4
60	67	42.5
60	68	38.9
60	69	14.0
60	70	4.5
60	71	5.1
60	72	63.1
60	73	42.1
60	74	28.8
60	75	40.8
61	62	15.2
61	63	28.8
61	64	21.0
61	65	65.5
61	66	69.3
61	67	37.1
61	68	27.1
61	69	14.1
61	70	30.1
61	71	23.0
61	72	54.0
61	73	20.1
61	74	14.6
61	75	31.3
62	63	14.1
62	64	21.2
62	65	53.9
62	66	58.6
62	67	26.6
62	68	15.3
62	69	25.6
62	70	37.9
62	71	32.6
62	72	40.3
62	73	5.0
62	74	10.0
62	75	19.7
63	64	25.5
63	65	50.0
63	66	56.0
63	67	27.7
63	68	18.2
63	69	39.7
63	70	51.0
63	71	46.3
63	72	33.5
63	73	9.2
63	74	22.4
63	75	21.2
64	65	73.8
64	66	79.1
64	67	47.6
64	68	36.2
64	69	35.0
64	70	51.1
64	71	44.0
64	72	58.5
64	73	22.5
64	74	29.2
64	75	40.6
65	66	7.3
65	67	28.4
65	68	38.9
65	69	66.0
65	70	64.0
65	71	65.6
65	72	18.0
65	73	51.4
65	74	51.0
65	75	34.5
66	67	32.3
66	68	43.4
66	69	68.4
66	70	64.6
66	71	67.0
66	72	25.1
66	73	56.6
66	74	54.7
66	75	38.9
67	68	11.4
67	69	38.3
67	70	40.0
67	71	39.6
67	72	20.6
67	73	25.5
67	74	22.6
67	75	7.1
68	69	31.4
68	70	37.5
68	71	35.0
68	72	27.2
68	73	14.2
68	74	13.2
68	75	4.5
69	70	16.5
69	71	9.1
69	72	58.0
69	73	30.5
69	74	18.9
69	75	34.5
70	71	7.6
70	72	60.5
70	73	42.2
70	74	28.6
70	75	38.9
71	72	60.0
71	73	37.2
71	74	24.2
71	75	37.2
72	73	36.9
72	74	40.3
72	75	23.5
73	74	13.6
73	75	18.4
74	75	17.0