// 4
4 3
// class: -
// number of customers
// number of vehicles
// number of box types
// number of items
50 50 765 1442
// max-weight height width length of vehicles (cm)
// 
160000 220 233 587
// node no-box-types / h w l no. boxes frag weight
0 0
1 12
31 48 68 2 0 388
21 46 82 1 0 388
60 78 114 1 0 388
66 74 90 1 0 388
54 64 71 2 0 388
33 53 74 2 0 388
57 62 75 1 0 388
36 39 60 2 0 388
35 45 55 2 0 388
38 74 81 1 0 388
45 77 101 2 0 388
36 55 116 1 0 388
2 20
46 71 83 2 0 666
54 63 76 1 0 666
40 56 91 2 0 666
34 42 61 3 0 666
47 67 84 1 0 666
57 79 95 1 0 666
28 43 69 4 0 666
48 69 72 3 0 666
58 64 83 1 0 666
24 94 99 2 0 666
53 69 96 3 0 666
36 70 71 5 0 666
36 70 71 1 1 666
45 52 57 1 0 666
43 71 99 2 0 666
27 71 72 2 0 666
22 37 59 1 0 666
44 56 86 6 0 666
44 56 86 1 1 666
41 55 80 3 0 666
3 9
22 69 71 1 0 1066
26 37 58 1 0 1066
56 67 98 1 0 1066
49 73 106 1 0 1066
35 39 66 1 0 1066
43 76 82 2 0 1066
26 87 93 3 0 1066
26 57 94 3 0 1066
38 79 104 2 0 1066
4 14
30 55 104 3 0 428
73 89 92 1 0 428
41 53 79 1 0 428
28 91 96 2 0 428
79 90 100 2 0 428
32 42 73 1 0 428
26 60 104 1 0 428
29 36 86 2 0 428
29 31 114 2 0 428
42 44 44 1 0 428
62 68 73 1 0 428
74 94 98 1 0 428
40 44 92 1 0 428
68 98 99 2 0 428
5 15
26 45 60 3 0 840
39 43 71 3 0 840
40 41 61 1 0 840
35 52 63 2 0 840
20 33 54 3 0 840
71 76 79 1 0 840
23 70 95 2 0 840
61 76 119 2 0 840
22 54 78 1 0 840
25 68 93 2 0 840
27 94 104 1 0 840
36 65 66 1 0 840
48 66 68 1 0 840
21 46 100 1 0 840
30 81 106 1 0 840
6 18
42 54 118 3 0 357
20 95 112 3 0 357
37 38 118 2 0 357
38 38 76 3 0 357
34 56 100 2 0 357
50 73 100 3 0 357
41 51 76 2 0 357
39 75 82 4 0 357
39 75 82 1 1 357
44 76 84 1 0 357
50 68 80 2 0 357
51 75 80 2 0 357
49 62 92 1 0 357
21 48 72 4 0 357
21 48 72 1 1 357
33 37 54 3 0 357
24 37 109 1 0 357
61 62 111 4 0 357
7 17
64 68 109 1 0 633
55 58 84 1 0 633
24 83 96 1 0 633
37 67 74 1 0 633
70 73 107 2 0 633
33 41 72 2 0 633
20 37 40 2 0 633
42 73 74 2 0 633
33 48 55 1 0 633
70 74 109 2 0 633
39 44 107 1 0 633
47 51 99 1 0 633
38 62 80 2 0 633
36 69 94 4 0 633
48 64 98 2 0 633
70 91 99 3 0 633
52 76 113 2 0 633
8 14
52 59 62 2 0 1000
50 52 54 2 0 1000
65 69 102 1 0 1000
46 76 97 1 0 1000
23 85 93 2 0 1000
38 38 90 2 0 1000
26 31 38 2 0 1000
34 47 92 1 0 1000
22 69 103 3 0 1000
42 71 79 2 0 1000
20 33 66 1 0 1000
29 47 92 1 0 1000
40 55 76 1 0 1000
53 75 81 2 0 1000
9 16
35 54 75 3 0 305
49 60 107 1 0 305
44 71 78 1 0 305
27 61 78 3 0 305
32 87 109 2 0 305
25 87 91 2 0 305
47 51 67 2 0 305
60 63 67 2 0 305
34 59 115 4 0 305
34 35 102 3 0 305
48 54 117 2 0 305
40 61 70 2 0 305
59 63 64 2 0 305
63 87 95 1 0 305
32 49 113 4 0 305
63 75 99 2 0 305
10 19
38 55 106 1 0 106
48 50 69 4 0 106
51 66 71 2 0 106
36 41 62 2 0 106
39 49 75 1 0 106
55 79 96 2 0 106
67 75 83 5 0 106
67 75 83 1 1 106
30 48 58 2 0 106
24 59 81 2 0 106
41 56 71 3 0 106
40 76 111 2 0 106
26 27 113 1 0 106
36 41 50 4 0 106
50 55 57 4 0 106
21 25 42 3 0 106
29 44 115 2 0 106
52 54 78 3 0 106
31 68 87 3 0 106
11 12
36 58 86 3 0 1000
22 69 71 2 0 1000
58 65 96 1 0 1000
26 37 58 1 0 1000
49 72 73 2 0 1000
56 67 98 1 0 1000
23 89 117 1 0 1000
73 76 109 1 0 1000
49 73 106 3 0 1000
35 39 66 1 0 1000
26 57 94 1 0 1000
38 79 104 2 0 1000
12 18
31 33 100 2 0 852
42 68 84 1 0 852
30 39 57 1 0 852
60 71 76 4 0 852
46 68 71 1 0 852
26 51 109 1 0 852
45 54 109 1 0 852
29 55 84 3 0 852
20 66 104 2 0 852
39 76 119 1 0 852
43 74 75 3 0 852
26 36 84 2 0 852
42 57 75 1 0 852
42 50 51 2 0 852
41 59 63 3 0 852
34 70 71 1 0 852
66 71 74 1 0 852
30 31 38 4 0 852
13 19
68 80 109 1 0 575
31 45 90 1 0 575
34 56 66 3 0 575
34 66 76 2 0 575
53 80 111 2 0 575
29 59 86 1 0 575
63 72 80 1 0 575
22 47 81 2 0 575
32 37 90 2 0 575
45 52 67 3 0 575
74 82 88 3 0 575
23 63 100 2 0 575
48 53 103 3 0 575
41 44 79 2 0 575
50 85 89 3 0 575
44 54 60 4 0 575
44 54 60 1 1 575
27 52 65 3 0 575
45 71 88 1 0 575
14 17
55 58 84 4 0 538
55 58 84 1 1 538
24 83 96 1 0 538
37 67 74 3 0 538
70 73 107 2 0 538
54 73 80 2 0 538
33 41 72 2 0 538
42 73 74 2 0 538
33 48 55 5 0 538
33 48 55 1 1 538
70 74 109 1 0 538
39 44 107 2 0 538
38 62 80 2 0 538
37 43 46 4 0 538
36 69 94 1 0 538
48 64 98 3 0 538
52 76 113 3 0 538
15 14
30 52 71 2 0 500
28 52 96 2 0 500
50 80 104 3 0 500
57 64 77 1 0 500
36 45 75 1 0 500
39 49 65 1 0 500
41 49 70 1 0 500
26 40 43 1 0 500
39 47 70 2 0 500
26 36 84 1 0 500
27 97 103 1 0 500
24 54 54 2 0 500
37 52 80 1 0 500
20 59 67 1 0 500
16 12
28 42 51 1 0 1071
30 32 49 1 0 1071
41 57 109 1 0 1071
28 70 100 1 0 1071
51 70 76 1 0 1071
55 73 93 1 0 1071
75 75 101 1 0 1071
53 58 89 1 0 1071
31 53 118 2 0 1071
37 43 77 1 0 1071
37 67 74 2 0 1071
38 47 89 1 0 1071
17 14
46 92 95 3 0 115
40 60 65 4 0 115
28 87 119 1 0 115
78 92 109 1 0 115
35 54 58 1 0 115
64 73 98 2 0 115
40 44 44 3 0 115
35 69 70 3 0 115
58 61 119 1 0 115
30 37 43 2 0 115
41 77 95 1 0 115
63 63 65 2 0 115
62 70 107 1 0 115
21 34 54 1 0 115
18 14
28 78 113 1 0 1782
32 35 120 1 0 1782
32 33 64 2 0 1782
49 59 85 1 0 1782
53 62 108 1 0 1782
25 56 116 3 0 1782
53 85 114 1 0 1782
66 72 89 1 0 1782
47 62 92 1 0 1782
42 99 103 1 0 1782
32 55 66 4 0 1782
39 62 93 1 0 1782
50 64 86 3 0 1782
68 71 75 2 0 1782
19 17
63 82 96 2 0 257
59 63 74 1 0 257
43 60 86 1 0 257
57 67 90 2 0 257
80 91 97 3 0 257
31 79 115 3 0 257
46 59 62 1 0 257
39 41 49 1 0 257
33 48 55 3 0 257
63 89 113 2 0 257
33 36 49 3 0 257
54 63 71 1 0 257
21 58 62 3 0 257
34 75 85 2 0 257
50 61 64 3 0 257
48 53 73 3 0 257
47 53 57 1 0 257
20 19
63 82 96 1 0 736
59 63 74 2 0 736
43 60 86 4 0 736
57 67 90 1 0 736
80 91 97 3 0 736
28 61 116 1 0 736
35 41 86 2 0 736
26 44 67 1 0 736
31 79 115 1 0 736
46 59 62 2 0 736
39 41 49 3 0 736
63 89 113 2 0 736
33 36 49 2 0 736
54 63 71 3 0 736
21 58 62 3 0 736
34 75 85 2 0 736
50 61 64 2 0 736
48 53 73 1 0 736
47 53 57 2 0 736
21 19
22 37 55 3 0 210
31 55 72 4 0 210
36 56 61 2 0 210
22 72 76 1 0 210
61 66 74 1 0 210
32 39 43 2 0 210
65 73 109 2 0 210
62 80 109 1 0 210
45 57 57 3 0 210
41 43 114 4 0 210
41 43 114 1 1 210
67 69 100 2 0 210
24 68 82 1 0 210
31 34 97 2 0 210
60 95 99 4 0 210
60 95 99 1 1 210
45 45 79 1 0 210
30 35 44 1 0 210
55 65 85 2 0 210
22 14
30 55 104 2 0 307
73 89 92 2 0 307
43 88 88 2 0 307
60 60 90 1 0 307
41 53 79 1 0 307
79 90 100 2 0 307
32 42 73 1 0 307
60 85 115 3 0 307
76 83 113 1 0 307
31 50 68 3 0 307
30 41 70 2 0 307
42 44 44 1 0 307
40 44 92 2 0 307
68 98 99 3 0 307
23 17
23 68 99 1 0 516
40 52 68 2 0 516
22 56 57 2 0 516
47 54 81 4 0 516
25 34 86 1 0 516
27 46 54 2 0 516
29 57 105 1 0 516
21 65 78 2 0 516
45 94 98 1 0 516
26 58 94 1 0 516
51 81 113 4 0 516
51 81 113 1 1 516
76 80 83 1 0 516
53 64 86 2 0 516
33 44 68 2 0 516
31 40 52 2 0 516
38 67 95 2 0 516
24 19
39 40 43 2 0 285
40 76 97 1 0 285
47 63 67 3 0 285
38 57 98 2 0 285
27 71 73 2 0 285
41 56 66 1 0 285
72 75 82 3 0 285
43 71 93 3 0 285
35 85 88 4 0 285
35 85 88 1 1 285
69 83 100 3 0 285
27 30 74 1 0 285
61 64 82 1 0 285
32 38 63 1 0 285
70 97 108 1 0 285
53 72 87 2 0 285
24 75 107 1 0 285
30 31 101 1 0 285
23 56 86 2 0 285
25 14
54 66 108 1 0 1473
33 62 74 1 0 1473
31 64 71 3 0 1473
30 32 38 1 0 1473
37 47 108 1 0 1473
36 41 100 1 0 1473
22 55 83 1 0 1473
36 49 99 2 0 1473
22 56 83 1 0 1473
44 52 66 1 0 1473
29 69 120 1 0 1473
39 54 58 1 0 1473
46 52 82 2 0 1473
53 63 63 2 0 1473
26 15
50 73 98 3 0 280
43 45 69 2 0 280
36 42 43 2 0 280
63 92 104 1 0 280
26 36 93 1 0 280
41 45 50 4 0 280
50 67 119 1 0 280
30 49 82 1 0 280
37 73 105 2 0 280
42 76 76 3 0 280
22 96 102 1 0 280
36 99 120 1 0 280
58 70 89 1 0 280
46 54 60 1 0 280
35 38 120 1 0 280
27 20
34 41 90 2 0 294
28 32 64 2 0 294
31 31 42 4 0 294
44 90 94 2 0 294
21 30 55 4 0 294
31 64 72 4 0 294
34 56 75 1 0 294
31 34 62 4 0 294
31 34 62 1 1 294
32 55 79 1 0 294
27 74 99 3 0 294
48 54 89 3 0 294
32 78 93 3 0 294
59 80 119 2 0 294
42 72 80 3 0 294
27 47 111 3 0 294
49 72 73 2 0 294
32 87 115 3 0 294
61 66 100 1 0 294
23 61 80 3 0 294
28 7
40 72 100 1 0 1166
32 60 103 1 0 1166
36 73 83 2 0 1166
31 80 98 1 0 1166
52 100 112 4 0 1166
27 96 116 2 0 1166
45 65 92 1 0 1166
29 11
39 54 88 1 0 500
36 54 94 1 0 500
43 77 87 1 0 500
31 32 34 1 0 500
57 80 83 1 0 500
32 37 72 1 0 500
28 93 93 2 0 500
26 78 104 1 0 500
44 85 94 1 0 500
45 73 79 1 0 500
76 91 104 1 0 500
30 15
69 79 86 3 0 730
31 46 53 1 0 730
37 51 96 2 0 730
37 74 77 1 0 730
54 67 75 1 0 730
61 71 88 2 0 730
46 93 120 1 0 730
69 70 104 1 0 730
43 51 68 4 0 730
43 51 68 1 1 730
54 57 78 4 0 730
22 67 72 1 0 730
34 82 84 1 0 730
36 57 69 1 0 730
59 68 109 2 0 730
31 18
59 76 82 1 0 323
50 51 60 3 0 323
28 36 71 2 0 323
26 77 89 2 0 323
66 84 108 3 0 323
45 51 90 1 0 323
33 35 48 1 0 323
52 57 89 1 0 323
58 77 99 1 0 323
66 86 92 2 0 323
46 80 93 3 0 323
39 45 72 3 0 323
24 46 73 1 0 323
37 71 112 4 0 323
69 69 70 3 0 323
27 64 112 1 0 323
39 42 52 1 0 323
23 84 120 1 0 323
32 12
49 63 70 2 0 750
49 54 84 1 0 750
39 48 80 1 0 750
42 47 114 2 0 750
43 66 72 1 0 750
46 55 120 2 0 750
35 44 74 1 0 750
32 32 60 1 0 750
39 80 86 2 0 750
42 70 71 1 0 750
29 44 97 1 0 750
30 61 95 1 0 750
33 18
68 80 109 3 0 657
34 56 66 1 0 657
53 80 111 2 0 657
29 59 86 4 0 657
63 72 80 1 0 657
22 47 81 4 0 657
64 80 114 3 0 657
32 37 90 1 0 657
40 48 75 3 0 657
45 52 67 2 0 657
74 82 88 1 0 657
23 63 100 1 0 657
48 53 103 2 0 657
41 44 79 2 0 657
50 85 89 1 0 657
44 54 60 2 0 657
27 52 65 1 0 657
45 71 88 1 0 657
34 13
28 78 113 1 0 1130
32 35 120 2 0 1130
64 70 94 1 0 1130
21 35 71 1 0 1130
49 59 85 3 0 1130
53 62 108 3 0 1130
25 56 116 1 0 1130
53 85 114 1 0 1130
20 35 55 1 0 1130
66 72 89 2 0 1130
47 62 92 4 0 1130
39 62 93 1 0 1130
68 71 75 2 0 1130
35 12
52 77 94 1 0 894
47 63 67 2 0 894
31 43 61 1 0 894
35 53 72 2 0 894
38 38 64 1 0 894
52 71 73 1 0 894
31 74 86 1 0 894
52 62 99 2 0 894
31 44 81 3 0 894
30 34 63 1 0 894
28 35 48 3 0 894
38 53 97 1 0 894
36 14
25 67 114 1 0 285
25 79 92 1 0 285
36 87 89 1 0 285
36 71 95 1 0 285
43 83 90 1 0 285
31 54 69 3 0 285
40 52 98 1 0 285
58 63 98 2 0 285
26 40 45 1 0 285
36 44 63 1 0 285
35 42 88 1 0 285
36 37 40 2 0 285
67 74 97 3 0 285
42 43 64 2 0 285
37 22
52 59 62 1 0 191
50 52 54 4 0 191
50 52 54 1 1 191
65 69 102 2 0 191
46 76 97 1 0 191
37 50 52 1 0 191
23 85 93 4 0 191
23 85 93 1 1 191
38 38 90 2 0 191
26 31 38 1 0 191
36 60 86 1 0 191
34 47 92 3 0 191
22 69 103 2 0 191
42 71 79 2 0 191
20 33 66 3 0 191
45 93 100 2 0 191
21 84 91 3 0 191
29 47 92 3 0 191
40 55 76 4 0 191
40 55 76 1 1 191
53 75 81 4 0 191
53 75 81 1 1 191
38 12
61 66 104 1 0 1071
26 77 89 1 0 1071
66 84 108 1 0 1071
45 51 90 1 0 1071
33 35 48 1 0 1071
58 77 99 2 0 1071
66 86 92 1 0 1071
46 80 93 1 0 1071
37 71 112 1 0 1071
27 64 112 1 0 1071
23 84 120 2 0 1071
36 61 94 1 0 1071
39 11
54 63 76 1 0 777
40 56 91 1 0 777
34 42 61 2 0 777
47 67 84 1 0 777
28 43 69 2 0 777
48 69 72 1 0 777
58 64 83 3 0 777
24 94 99 4 0 777
53 69 96 1 0 777
22 37 59 1 0 777
44 56 86 1 0 777
40 11
26 42 64 3 0 333
34 48 54 2 0 333
45 62 95 3 0 333
46 49 72 1 0 333
25 42 56 1 0 333
26 34 64 2 0 333
68 80 81 1 0 333
45 52 81 2 0 333
25 57 92 1 0 333
40 93 113 3 0 333
22 65 74 2 0 333
41 19
45 84 86 1 0 675
34 45 81 1 0 675
52 61 71 1 0 675
40 73 78 2 0 675
46 63 69 3 0 675
36 75 75 3 0 675
50 88 94 3 0 675
50 51 65 1 0 675
46 56 81 2 0 675
27 44 68 2 0 675
45 52 108 4 0 675
45 52 108 1 1 675
44 80 114 3 0 675
22 39 84 4 0 675
30 58 62 2 0 675
33 68 86 2 0 675
22 52 59 2 0 675
21 33 42 1 0 675
38 74 110 2 0 675
42 11
69 69 81 1 0 812
24 53 109 2 0 812
20 33 98 1 0 812
34 56 86 1 0 812
22 42 109 2 0 812
39 68 89 2 0 812
40 53 74 1 0 812
20 29 73 1 0 812
68 72 74 1 0 812
58 64 70 2 0 812
58 69 76 2 0 812
43 18
24 37 75 2 0 255
26 73 79 3 0 255
38 53 95 2 0 255
40 41 50 2 0 255
52 59 80 2 0 255
35 74 90 4 0 255
60 60 87 1 0 255
39 50 68 2 0 255
52 65 73 3 0 255
38 48 83 1 0 255
44 76 87 1 0 255
26 38 60 2 0 255
64 65 82 4 0 255
38 48 52 3 0 255
63 91 95 3 0 255
25 75 111 4 0 255
36 81 117 1 0 255
38 45 67 3 0 255
44 17
55 60 110 2 0 484
71 78 80 2 0 484
50 75 110 2 0 484
40 72 100 2 0 484
32 60 103 3 0 484
49 60 70 2 0 484
62 72 80 1 0 484
67 74 120 2 0 484
53 55 62 2 0 484
36 73 83 2 0 484
52 100 112 1 0 484
44 49 56 1 0 484
26 28 74 3 0 484
52 67 68 5 0 484
52 67 68 1 1 484
27 96 116 1 0 484
45 65 92 1 0 484
45 11
42 70 89 2 0 526
42 47 114 1 0 526
43 66 72 1 0 526
46 55 120 1 0 526
28 71 103 1 0 526
31 35 115 3 0 526
39 62 117 1 0 526
32 32 60 3 0 526
39 80 86 3 0 526
42 70 71 2 0 526
30 61 95 1 0 526
46 15
40 73 85 2 0 185
54 62 73 4 0 185
41 63 90 4 0 185
24 61 75 1 0 185
44 53 57 2 0 185
45 70 93 2 0 185
78 89 93 1 0 185
65 87 113 1 0 185
70 78 100 1 0 185
34 47 53 1 0 185
33 76 79 2 0 185
65 77 77 1 0 185
27 59 65 2 0 185
31 42 54 1 0 185
44 45 87 2 0 185
47 20
44 76 95 1 0 609
30 52 71 3 0 609
28 52 96 2 0 609
50 80 104 3 0 609
57 64 77 2 0 609
36 45 75 2 0 609
39 49 65 4 0 609
39 49 65 1 1 609
41 49 70 4 0 609
41 49 70 1 1 609
42 44 111 1 0 609
51 94 108 1 0 609
26 40 43 1 0 609
39 47 70 1 0 609
26 36 84 2 0 609
27 97 103 4 0 609
24 54 54 2 0 609
38 46 63 2 0 609
20 59 67 1 0 609
23 89 102 3 0 609
48 19
26 45 60 2 0 425
39 43 71 3 0 425
64 71 99 3 0 425
40 41 61 1 0 425
43 79 83 2 0 425
35 52 63 3 0 425
20 33 54 2 0 425
51 57 62 3 0 425
71 76 79 2 0 425
48 81 91 4 0 425
23 70 95 2 0 425
42 57 101 1 0 425
61 76 119 2 0 425
22 54 78 2 0 425
25 68 93 3 0 425
27 94 104 1 0 425
48 66 68 2 0 425
21 46 100 1 0 425
30 81 106 1 0 425
49 14
31 46 53 1 0 600
54 55 119 5 0 600
54 55 119 1 1 600
37 74 77 1 0 600
24 73 96 3 0 600
54 67 75 1 0 600
61 71 88 2 0 600
46 93 120 2 0 600
69 70 104 3 0 600
43 51 68 3 0 600
22 67 72 2 0 600
34 82 84 1 0 600
33 72 74 2 0 600
59 68 109 3 0 600
50 17
45 56 89 3 0 250
25 35 54 2 0 250
33 39 73 3 0 250
38 39 73 2 0 250
29 42 50 3 0 250
54 59 62 4 0 250
44 53 98 3 0 250
31 32 94 3 0 250
42 77 102 1 0 250
44 75 80 2 0 250
41 52 93 1 0 250
38 51 77 2 0 250
52 54 57 1 0 250
46 97 105 1 0 250
54 76 103 4 0 250
34 53 72 3 0 250
35 38 42 2 0 250
// node 1 node 2 distance
0	1	13.9
0	2	21.0
0	3	32.6
0	4	17.2
0	5	14.1
0	6	11.4
0	7	26.4
0	8	22.0
0	9	23.1
0	10	28.3
0	11	12.0
0	12	8.1
0	13	29.2
0	14	18.1
0	15	24.7
0	16	22.0
0	17	17.3
0	18	14.8
0	19	31.9
0	20	32.4
0	21	32.1
0	22	20.8
0	23	22.0
0	24	25.1
0	25	23.1
0	26	28.2
0	27	8.0
0	28	30.0
0	29	29.1
0	30	30.9
0	31	29.8
0	32	10.0
0	33	34.0
0	34	31.8
0	35	39.4
0	36	43.9
0	37	18.1
0	38	15.8
0	39	38.3
0	40	42.2
0	41	30.5
0	42	31.3
0	43	34.7
0	44	25.0
0	45	31.3
0	46	2.2
0	47	9.4
0	48	15.8
0	49	21.6
0	50	26.2
1	2	12.4
1	3	19.2
1	4	31.1
1	5	22.2
1	6	16.8
1	7	22.8
1	8	11.7
1	9	24.2
1	10	34.0
1	11	12.1
1	12	20.9
1	13	41.9
1	14	26.9
1	15	36.0
1	16	18.6
1	17	30.7
1	18	27.6
1	19	45.8
1	20	20.9
1	21	26.9
1	22	7.1
1	23	21.6
1	24	29.0
1	25	33.1
1	26	18.9
1	27	8.1
1	28	16.2
1	29	21.4
1	30	32.6
1	31	17.0
1	32	6.1
1	33	43.0
1	34	30.6
1	35	27.3
1	36	31.1
1	37	30.4
1	38	18.8
1	39	43.0
1	40	56.0
1	41	44.2
1	42	44.9
1	43	34.2
1	44	37.7
1	45	42.0
1	46	13.9
1	47	23.3
1	48	12.4
1	49	26.4
1	50	24.2
2	3	15.3
2	4	37.0
2	5	21.0
2	6	28.1
2	7	34.9
2	8	22.2
2	9	16.3
2	10	28.1
2	11	10.6
2	12	24.8
2	13	50.1
2	14	37.7
2	15	35.5
2	16	8.5
2	17	34.1
2	18	35.8
2	19	50.9
2	20	12.0
2	21	14.8
2	22	10.6
2	23	34.0
2	24	41.1
2	25	43.4
2	26	29.1
2	27	19.0
2	28	19.0
2	29	9.1
2	30	23.8
2	31	23.3
2	32	11.4
2	33	39.1
2	34	20.0
2	35	19.1
2	36	24.4
2	37	31.9
2	38	14.6
2	39	35.4
2	40	61.5
2	41	50.4
2	42	48.0
2	43	46.5
2	44	38.9
2	45	40.3
2	46	19.7
2	47	29.4
2	48	24.7
2	49	21.0
2	50	13.9
3	4	49.7
3	5	36.1
3	6	35.4
3	7	35.0
3	8	21.1
3	9	31.0
3	10	43.0
3	11	25.1
3	12	38.3
3	13	61.1
3	14	45.7
3	15	50.6
3	16	23.0
3	17	48.0
3	18	46.8
3	19	64.2
3	20	7.8
3	21	24.2
3	22	12.2
3	23	36.7
3	24	45.6
3	25	52.0
3	26	25.3
3	27	27.2
3	28	9.5
3	29	17.1
3	30	37.5
3	31	15.8
3	32	22.8
3	33	54.3
3	34	32.3
3	35	10.0
3	36	12.1
3	37	46.5
3	38	29.8
3	39	49.5
3	40	74.7
3	41	63.0
3	42	62.3
3	43	47.0
3	44	53.7
3	45	55.5
3	46	32.0
3	47	41.9
3	48	28.5
3	49	36.2
3	50	27.3
4	5	20.4
4	6	21.0
4	7	37.1
4	8	37.6
4	9	32.8
4	10	31.4
4	11	26.6
4	12	12.5
4	13	15.0
4	14	17.9
4	15	18.9
4	16	35.3
4	17	7.6
4	18	7.6
4	19	14.8
4	20	48.9
4	21	44.9
4	22	38.0
4	23	31.3
4	24	28.6
4	25	17.7
4	26	42.6
4	27	24.2
4	28	47.0
4	29	43.9
4	30	38.0
4	31	46.2
4	32	26.9
4	33	30.5
4	34	41.6
4	35	56.0
4	36	60.8
4	37	12.6
4	38	26.6
4	39	40.5
4	40	25.0
4	41	13.5
4	42	16.0
4	43	40.9
4	44	14.9
4	45	24.8
4	46	17.7
4	47	7.8
4	48	29.4
4	49	28.1
4	50	37.6
5	6	25.5
5	7	40.2
5	8	33.2
5	9	12.4
5	10	14.2
5	11	11.2
5	12	9.2
5	13	35.4
5	14	30.5
5	15	14.6
5	16	16.3
5	17	14.8
5	18	23.2
5	19	31.9
5	20	32.8
5	21	25.1
5	22	27.1
5	23	36.1
5	24	38.8
5	25	34.0
5	26	40.2
5	27	20.6
5	28	37.1
5	29	25.5
5	30	18.2
5	31	39.1
5	32	16.1
5	33	20.9
5	34	21.2
5	35	39.7
5	36	45.3
5	37	11.3
5	38	7.1
5	39	24.2
5	40	42.4
5	41	32.7
5	42	27.6
5	43	48.8
5	44	18.0
5	45	20.0
5	46	12.0
5	47	15.1
5	48	29.2
5	49	8.2
5	50	17.5
6	7	16.5
6	8	18.0
6	9	34.0
6	10	39.7
6	11	21.8
6	12	18.0
6	13	27.2
6	14	10.3
6	15	34.4
6	16	31.6
6	17	24.7
6	18	14.6
6	19	34.9
6	20	37.6
6	21	41.3
6	22	23.3
6	23	11.2
6	24	13.9
6	25	16.6
6	26	21.8
6	27	9.1
6	28	29.7
6	29	37.0
6	30	42.1
6	31	27.2
6	32	17.0
6	33	44.7
6	34	42.4
6	35	44.0
6	36	47.4
6	37	27.3
6	38	26.8
6	39	49.7
6	40	44.0
6	41	32.0
6	42	37.0
6	43	23.3
6	44	33.2
6	45	41.1
6	46	13.6
6	47	15.5
6	48	8.9
6	49	33.0
6	50	36.4
7	8	14.0
7	9	46.1
7	10	54.0
7	11	33.3
7	12	34.0
7	13	39.8
7	14	21.6
7	15	50.7
7	16	41.3
7	17	41.2
7	18	30.0
7	19	50.2
7	20	40.3
7	21	49.7
7	22	25.7
7	23	6.1
7	24	14.2
7	25	26.9
7	26	11.2
7	27	19.8
7	28	26.3
7	29	43.7
7	30	54.6
7	31	20.9
7	32	27.0
7	33	60.4
7	34	53.3
7	35	45.0
7	36	46.4
7	37	43.7
7	38	39.6
7	39	63.8
7	40	58.2
7	41	46.5
7	42	53.2
7	43	12.0
7	44	49.7
7	45	57.4
7	46	28.3
7	47	32.0
7	48	11.3
7	49	46.8
7	50	46.9
8	9	35.8
8	10	45.6
8	11	23.7
8	12	30.0
8	13	45.2
8	14	27.6
8	15	46.3
8	16	29.7
8	17	39.2
8	18	32.2
8	19	52.2
8	20	26.3
8	21	36.9
8	22	12.1
8	23	15.8
8	24	25.1
8	25	33.9
8	26	7.2
8	27	14.0
8	28	13.0
8	29	30.4
8	30	44.2
8	31	9.2
8	32	17.5
8	33	54.1
8	34	41.7
8	35	31.0
8	36	32.8
8	37	40.0
8	38	30.4
8	39	54.7
8	40	61.7
8	41	49.7
8	42	53.0
8	43	26.1
8	44	47.0
8	45	52.6
8	46	23.0
8	47	30.6
8	48	9.2
8	49	38.0
8	50	35.4
9	10	12.0
9	11	12.8
9	12	21.0
9	13	47.7
9	14	41.0
9	15	23.3
9	16	8.0
9	17	26.9
9	18	35.0
9	19	43.8
9	20	25.5
9	21	13.5
9	22	26.0
9	23	43.3
9	24	47.9
9	25	45.3
9	26	43.0
9	27	26.6
9	28	35.2
9	29	16.2
9	30	8.5
9	31	39.0
9	32	19.1
9	33	23.8
9	34	9.0
9	35	31.6
9	36	37.6
9	37	22.8
9	38	7.3
9	39	19.3
9	40	54.2
9	41	44.9
9	42	38.6
9	43	56.3
9	44	28.4
9	45	26.4
9	46	20.9
9	47	27.0
9	48	34.8
9	49	6.4
9	50	5.7
10	11	21.9
10	12	22.8
10	13	46.2
10	14	44.3
10	15	15.8
10	16	20.0
10	17	24.1
10	18	36.1
10	19	38.8
10	20	37.5
10	21	23.7
10	22	37.1
10	23	50.2
10	24	53.0
10	25	47.2
10	26	52.8
10	27	34.2
10	28	46.7
10	29	27.9
10	30	9.2
10	31	50.0
10	32	28.2
10	33	12.1
10	34	15.6
10	35	43.4
10	36	49.5
10	37	19.0
10	38	15.2
10	39	10.0
10	40	48.4
10	41	41.2
10	42	32.0
10	43	63.0
10	44	21.8
10	45	16.3
10	46	26.2
10	47	28.2
10	48	42.8
10	49	7.6
10	50	16.8
11	12	14.2
11	13	40.3
11	14	30.0
11	15	25.7
11	16	10.0
11	17	23.4
11	18	26.2
11	19	40.3
11	20	22.7
11	21	20.0
11	22	16.0
11	23	30.5
11	24	35.7
11	25	35.1
11	26	30.9
11	27	13.9
11	28	26.0
11	29	17.5
11	30	21.3
11	31	28.4
11	32	6.4
11	33	31.3
11	34	20.6
11	35	29.7
11	36	35.0
11	37	21.5
11	38	6.7
11	39	31.1
11	40	50.9
11	41	40.0
11	42	37.4
11	43	43.6
11	44	28.6
11	45	31.1
11	46	10.2
11	47	19.2
11	48	22.0
11	49	14.3
11	50	14.6
12	13	26.9
12	14	21.5
12	15	16.8
12	16	22.8
12	17	9.8
12	18	14.0
12	19	26.2
12	20	36.8
12	21	32.6
12	22	27.3
12	23	29.2
12	24	30.5
12	25	24.7
12	26	36.2
12	27	16.0
12	28	37.0
12	29	31.4
12	30	27.5
12	31	37.5
12	32	15.7
12	33	26.6
12	34	30.0
12	35	43.8
12	36	48.9
12	37	10.0
12	38	14.3
12	39	32.8
12	40	36.8
12	41	25.8
12	42	24.2
12	43	41.2
12	44	17.0
12	45	23.4
12	46	7.1
12	47	6.0
12	48	23.8
12	49	17.5
12	50	25.5
13	14	18.4
13	15	32.3
13	16	49.6
13	17	22.1
13	18	14.4
13	19	14.4
13	20	61.6
13	21	59.5
13	22	48.9
13	23	33.8
13	24	27.2
13	25	13.2
13	26	48.3
13	27	34.0
13	28	56.6
13	29	57.8
13	30	53.0
13	31	54.4
13	32	39.1
13	33	43.7
13	34	56.6
13	35	68.5
13	36	72.8
13	37	27.2
13	38	41.2
13	39	54.9
13	40	19.0
13	41	9.4
13	42	21.9
13	43	39.0
13	44	26.9
13	45	37.2
13	46	30.4
13	47	21.2
13	48	36.1
13	49	43.1
13	50	52.4
14	15	35.4
14	16	40.0
14	17	24.2
14	18	10.3
14	19	29.0
14	20	47.8
14	21	50.0
14	22	33.5
14	23	15.5
14	24	10.8
14	25	6.4
14	26	30.0
14	27	19.0
14	28	39.8
14	29	46.4
14	30	48.4
14	31	36.8
14	32	26.3
14	33	46.7
14	34	49.8
14	35	54.2
14	36	57.7
14	37	28.3
14	38	33.7
14	39	54.2
14	40	36.7
14	41	25.1
14	42	33.2
14	43	23.1
14	44	32.4
14	45	41.9
14	46	20.2
14	47	16.4
14	48	18.4
14	49	38.6
14	50	44.3
15	16	29.7
15	17	11.4
15	18	25.5
15	19	23.2
15	20	47.0
15	21	36.8
15	22	41.4
15	23	45.6
15	24	45.6
15	25	36.4
15	26	52.8
15	27	32.6
15	28	51.5
15	29	38.8
15	30	24.6
15	31	53.0
15	32	30.1
15	33	11.7
15	34	30.2
15	35	53.7
15	36	59.5
15	37	7.2
15	38	21.0
15	39	23.0
15	40	32.6
15	41	26.0
15	42	16.2
15	43	57.1
15	44	6.1
15	45	6.7
15	46	23.3
15	47	19.4
15	48	40.5
15	49	17.0
15	50	29.0
16	17	30.8
16	18	35.9
16	19	48.0
16	20	17.7
16	21	10.0
16	22	18.9
16	23	39.4
16	24	45.4
16	25	45.1
16	26	36.8
16	27	23.1
16	28	27.5
16	29	9.2
16	30	15.2
16	31	31.8
16	32	14.9
16	33	31.6
16	34	12.0
16	35	24.2
16	36	30.1
16	37	27.6
16	38	9.2
16	39	26.9
16	40	58.6
16	41	48.4
16	42	43.8
16	43	52.3
16	44	34.1
16	45	33.6
16	46	20.1
16	47	28.5
16	48	30.4
16	49	13.6
16	50	5.7
17	18	14.1
17	19	17.2
17	20	46.1
17	21	39.8
17	22	37.2
17	23	35.7
17	24	34.7
17	25	25.0
17	26	45.0
17	27	25.2
17	28	46.8
17	29	39.8
17	30	31.3
17	31	47.1
17	32	25.5
17	33	23.0
17	34	35.4
17	35	53.2
17	36	58.4
17	37	5.1
17	38	21.6
17	39	33.0
17	40	27.8
17	41	18.0
17	42	14.3
17	43	46.5
17	44	8.5
17	45	17.7
17	46	16.8
17	47	9.2
17	48	32.1
17	49	21.6
17	50	32.2
18	19	20.4
18	20	47.2
18	21	45.9
18	22	34.7
18	23	24.0
18	24	21.0
18	25	11.2
18	26	36.4
18	27	19.8
18	28	42.8
18	29	43.7
18	30	41.4
18	31	41.2
18	32	24.7
18	33	37.0
18	34	44.0
18	35	54.1
18	36	58.4
18	37	18.6
18	38	28.1
18	39	45.7
18	40	29.5
18	41	17.5
18	42	23.3
18	43	33.2
18	44	22.2
18	45	31.8
18	46	16.2
18	47	8.1
18	48	23.4
18	49	31.4
18	50	39.2
19	20	62.9
19	21	56.9
19	22	52.7
19	23	44.1
19	24	39.3
19	25	25.7
19	26	56.8
19	27	38.9
19	28	61.8
19	29	57.0
19	30	47.1
19	31	60.9
19	32	41.4
19	33	33.1
19	34	52.0
19	35	70.0
19	36	75.1
19	37	21.0
19	38	38.8
19	39	46.0
19	40	10.6
19	41	5.0
19	42	8.5
19	43	51.6
19	44	17.1
19	45	26.2
19	46	32.2
19	47	22.5
19	48	43.7
19	49	38.1
19	50	49.2
20	21	16.8
20	22	15.0
20	23	41.0
20	24	49.4
20	25	53.9
20	26	31.6
20	27	28.8
20	28	16.6
20	29	10.0
20	30	31.0
20	31	22.8
20	32	22.5
20	33	49.2
20	34	25.3
20	35	7.1
20	36	12.5
20	37	43.8
20	38	25.9
20	39	43.0
20	40	73.5
20	41	62.4
20	42	60.0
20	43	52.3
20	44	50.8
20	45	51.3
20	46	31.4
20	47	41.2
20	48	32.1
20	49	31.3
20	50	21.0
21	22	25.0
21	23	48.4
21	24	54.9
21	25	55.1
21	26	43.6
21	27	32.6
21	28	31.4
21	29	7.2
21	30	15.5
21	31	36.8
21	32	24.3
21	33	35.8
21	34	9.1
21	35	21.0
21	36	27.0
21	37	36.1
21	38	18.4
21	39	27.2
21	40	67.4
21	41	57.7
21	42	52.0
21	43	61.1
21	44	41.9
21	45	39.4
21	46	30.1
21	47	38.3
21	48	39.2
21	49	19.8
21	50	7.8
22	23	26.0
22	24	34.4
22	25	39.8
22	26	18.6
22	27	15.0
22	28	10.0
22	29	18.4
22	30	34.0
22	31	13.0
22	32	11.7
22	33	47.2
22	34	30.6
22	35	20.9
22	36	24.2
22	37	36.4
22	38	22.2
22	39	45.3
22	40	63.0
22	41	51.2
22	42	51.5
22	43	37.7
22	44	43.7
22	45	47.1
22	46	20.6
22	47	30.2
22	48	17.1
22	49	29.6
22	50	24.4
23	24	9.4
23	25	21.0
23	26	15.6
23	27	16.6
23	28	28.8
23	29	43.0
23	30	51.6
23	31	24.2
23	32	24.6
23	33	55.8
23	34	51.0
23	35	46.4
23	36	48.5
23	37	38.5
23	38	36.4
23	39	60.1
23	40	52.2
23	41	40.4
23	42	47.3
23	43	13.0
23	44	44.3
23	45	52.3
23	46	24.1
23	47	26.6
23	48	9.2
23	49	43.2
23	50	44.7
24	25	14.0
24	26	24.8
24	27	22.4
24	28	38.1
24	29	50.2
24	30	55.9
24	31	33.6
24	32	30.6
24	33	56.6
24	34	56.3
24	35	55.1
24	36	57.6
24	37	38.4
24	38	40.7
24	39	63.0
24	40	46.1
24	41	35.1
24	42	44.0
24	43	12.4
24	44	43.0
24	45	52.2
24	46	27.3
24	47	26.2
24	48	17.3
24	49	46.6
24	50	50.3
25	26	36.1
25	27	25.1
25	28	46.2
25	29	52.0
25	30	52.2
25	31	43.1
25	32	32.0
25	33	48.0
25	34	54.2
25	35	60.4
25	36	64.0
25	37	29.7
25	38	38.1
25	39	56.9
25	40	32.1
25	41	21.2
25	42	31.3
25	43	26.1
25	44	32.5
25	45	42.5
25	46	25.0
25	47	19.0
25	48	24.8
25	49	42.2
25	50	49.0
26	27	20.2
26	28	16.0
26	29	36.9
26	30	51.4
26	31	10.0
26	32	24.6
26	33	61.0
26	34	48.8
26	35	35.4
26	36	36.0
26	37	46.3
26	38	37.6
26	39	61.9
26	40	65.8
26	41	53.8
26	42	58.3
26	43	22.4
26	44	53.1
26	45	59.2
26	46	29.4
26	47	36.1
26	48	13.2
26	49	45.2
26	50	42.4
27	28	23.0
27	29	28.0
27	30	35.0
27	31	22.1
27	32	8.2
27	33	41.2
27	34	34.4
27	35	35.3
27	36	39.1
27	37	26.1
27	38	19.8
27	39	43.9
27	40	48.9
27	41	36.9
27	42	39.1
27	43	29.7
27	44	33.0
27	45	39.1
27	46	9.2
27	47	16.8
27	48	8.6
27	49	26.9
27	50	28.2
28	29	24.2
28	30	42.7
28	31	6.3
28	32	21.6
28	33	57.1
28	34	38.5
28	35	19.4
28	36	20.1
28	37	46.3
28	38	32.1
28	39	54.4
28	40	71.9
28	41	59.9
28	42	61.1
28	43	38.1
28	44	53.6
28	45	57.1
28	46	30.1
28	47	39.4
28	48	21.6
28	49	39.3
28	50	32.7
29	30	21.0
29	31	29.7
29	32	20.1
29	33	39.8
29	34	15.3
29	35	15.5
29	36	21.6
29	37	36.8
29	38	18.4
29	39	33.0
29	40	67.6
29	41	57.1
29	42	53.0
29	43	55.4
29	44	43.3
29	45	42.5
29	46	27.5
29	47	36.7
29	48	33.7
29	49	22.4
29	50	11.2
30	31	47.0
30	32	27.6
30	33	20.8
30	34	6.7
30	35	36.2
30	36	42.3
30	37	26.5
30	38	15.3
30	39	12.0
30	40	57.0
30	41	49.0
30	42	40.7
30	43	64.6
30	44	30.5
30	45	25.5
30	46	28.6
30	47	33.4
30	48	43.3
30	49	10.0
30	50	10.2
31	32	23.0
31	33	59.7
31	34	43.3
31	35	25.7
31	36	26.0
31	37	47.3
31	38	34.9
31	39	58.3
31	40	70.7
31	41	58.6
31	42	61.1
31	43	32.4
31	44	54.5
31	45	59.0
31	46	30.4
31	47	38.9
31	48	18.4
31	49	42.4
31	50	37.2
32	33	36.9
32	34	26.4
32	35	29.4
32	36	34.0
32	37	24.7
32	38	13.0
32	39	37.4
32	40	51.9
32	41	40.3
32	42	39.8
32	43	37.6
32	44	32.0
32	45	36.0
32	46	9.2
32	47	19.1
32	48	15.8
32	49	20.6
32	50	20.1
33	34	27.5
33	35	55.4
33	36	61.4
33	37	18.4
33	38	25.0
33	39	13.9
33	40	41.2
33	41	36.7
33	42	25.0
33	43	67.8
33	44	16.8
33	45	7.0
33	46	32.2
33	47	30.4
33	48	49.7
33	49	18.1
33	50	28.8
34	35	30.0
34	36	36.1
34	37	31.0
34	38	16.1
34	39	18.1
34	40	62.2
34	41	53.5
34	42	46.1
34	43	64.0
34	44	35.8
34	45	31.8
34	46	29.6
34	47	36.0
34	48	42.2
34	49	13.9
34	50	6.4
35	36	6.1
35	37	50.8
35	38	32.8
35	39	48.1
35	40	80.6
35	41	69.4
35	42	67.0
35	43	57.0
35	44	57.7
35	45	57.8
35	46	38.4
35	47	48.3
35	48	37.9
35	49	37.7
35	50	26.7
36	37	56.3
36	38	38.5
36	39	54.1
36	40	85.6
36	41	74.2
36	42	72.4
36	43	58.2
36	44	63.3
36	45	63.7
36	46	43.1
36	47	53.0
36	48	40.5
36	49	43.7
36	50	32.8
37	38	18.4
37	39	27.9
37	40	31.4
37	41	22.6
37	42	16.3
37	43	49.9
37	44	7.3
37	45	13.9
37	46	17.0
37	47	12.2
37	48	33.7
37	49	17.1
37	50	28.3
38	39	24.4
38	40	49.4
38	41	39.4
38	42	34.7
38	43	49.4
38	44	25.0
38	45	25.7
38	46	13.6
38	47	20.2
38	48	28.3
38	49	7.6
38	50	11.2
39	40	54.7
39	41	49.0
39	42	38.3
39	43	72.9
39	44	29.0
39	45	20.6
39	46	36.1
39	47	38.0
39	48	52.5
39	49	17.0
39	50	22.2
40	41	12.1
40	42	16.5
40	43	58.0
40	44	26.6
40	45	34.2
40	46	42.6
40	47	32.8
40	48	52.9
40	49	48.3
40	50	59.7
41	42	13.0
41	43	47.3
41	44	20.1
41	45	29.8
41	46	31.1
41	47	21.2
41	48	40.9
41	49	39.6
41	50	50.2
42	43	56.3
42	44	10.3
42	45	18.0
42	46	31.0
42	47	22.4
42	48	45.2
42	49	32.4
42	50	44.2
43	44	55.0
43	45	63.8
43	46	36.8
43	47	37.7
43	48	21.9
43	49	56.1
43	50	57.7
44	45	10.3
44	46	24.1
44	47	17.7
44	48	40.3
44	49	22.2
44	50	34.1
45	46	29.8
45	47	26.1
45	48	47.1
45	49	20.1
45	50	31.9
46	47	9.9
46	48	17.5
46	49	19.4
46	50	24.1
47	48	23.0
47	49	23.3
47	50	31.4
48	49	35.5
48	50	35.8
49	50	12.0