// 2
2 3
// class: -
// number of customers
// number of vehicles
// number of box types
// number of items
50 50 276 1295
// max-weight height width length of vehicles (cm)
// 
160000 220 233 587
// node no-box-types / h w l no. boxes frag weight
0 0
1 4
45 84 86 6 0 466
45 84 86 1 1 466
34 45 81 4 0 466
37 54 70 4 0 466
2 4
66 77 97 3 0 2500
69 69 81 4 0 2500
24 53 109 4 0 2500
24 53 109 1 1 2500
3 6
58 72 78 12 0 500
58 72 78 2 1 500
57 57 107 7 0 500
57 57 107 1 1 500
37 64 72 8 0 500
37 64 72 2 1 500
4 3
42 77 114 4 0 1000
74 81 105 3 0 1000
50 73 76 2 0 1000
5 6
55 60 110 4 0 1050
55 60 110 1 1 1050
71 78 80 8 0 1050
71 78 80 1 1 1050
50 75 110 5 0 1050
50 75 110 1 1 1050
6 6
21 25 49 7 0 428
21 25 49 1 1 428
41 51 60 10 0 428
41 51 60 2 1 428
64 76 103 12 0 428
64 76 103 3 1 428
7 6
35 54 75 8 0 760
35 54 75 1 1 760
49 60 107 6 0 760
49 60 107 1 1 760
42 67 70 8 0 760
42 67 70 1 1 760
8 5
47 49 78 10 0 1045
47 49 78 2 1 1045
43 45 46 4 0 1045
36 44 98 5 0 1045
36 44 98 1 1 1045
9 6
50 63 70 8 0 297
50 63 70 1 1 297
34 53 100 12 0 297
34 53 100 2 1 297
45 78 93 12 0 297
45 78 93 2 1 297
10 6
57 65 86 18 0 76
57 65 86 4 1 76
32 37 61 18 0 76
32 37 61 4 1 76
27 33 39 17 0 76
27 33 39 4 1 76
11 6
46 92 95 12 0 655
46 92 95 2 1 655
40 60 65 8 0 655
40 60 65 2 1 655
59 62 103 4 0 655
59 62 103 1 1 655
12 5
50 63 70 4 0 1812
34 53 100 4 0 1812
34 53 100 1 1 1812
45 78 93 6 0 1812
45 78 93 1 1 1812
13 6
46 52 76 7 0 741
46 52 76 1 1 741
31 59 66 12 0 741
31 59 66 2 1 741
44 55 62 8 0 741
44 55 62 1 1 741
14 6
22 37 55 9 0 656
22 37 55 2 1 656
31 55 72 8 0 656
31 55 72 2 1 656
36 56 61 9 0 656
36 56 61 2 1 656
15 5
42 54 118 8 0 416
42 54 118 1 1 416
20 95 112 9 0 416
20 95 112 2 1 416
37 38 118 4 0 416
16 6
26 39 41 7 0 681
26 39 41 1 1 681
34 40 110 8 0 681
34 40 110 1 1 681
52 77 94 4 0 681
52 77 94 1 1 681
17 6
30 42 77 12 0 51
30 42 77 3 1 51
28 45 98 21 0 51
28 45 98 5 1 51
32 58 61 14 0 51
32 58 61 3 1 51
18 5
46 71 83 5 0 2411
46 71 83 1 1 2411
54 63 76 3 0 2411
40 56 91 7 0 2411
40 56 91 1 1 2411
19 6
54 59 78 7 0 375
54 59 78 1 1 375
20 52 120 8 0 375
20 52 120 2 1 375
54 67 100 5 0 375
54 67 100 1 1 375
20 6
21 25 49 13 0 583
21 25 49 3 1 583
41 51 60 16 0 583
41 51 60 3 1 583
64 76 103 11 0 583
64 76 103 2 1 583
21 6
24 81 101 8 0 250
24 81 101 2 1 250
29 72 94 7 0 250
29 72 94 1 1 250
47 72 79 12 0 250
47 72 79 2 1 250
22 6
42 54 118 9 0 222
42 54 118 2 1 222
20 95 112 10 0 222
20 95 112 2 1 222
37 38 118 11 0 222
37 38 118 2 1 222
23 6
61 63 74 7 0 516
61 63 74 1 1 516
25 60 71 10 0 516
25 60 71 2 1 516
59 80 106 9 0 516
59 80 106 2 1 516
24 6
31 66 68 8 0 333
31 66 68 2 1 333
26 34 120 11 0 333
26 34 120 2 1 333
60 76 95 6 0 333
60 76 95 1 1 333
25 6
34 41 90 11 0 595
34 41 90 2 1 595
28 32 64 10 0 595
28 32 64 2 1 595
31 31 42 18 0 595
31 31 42 4 1 595
26 5
42 77 114 2 0 437
74 81 105 6 0 437
74 81 105 1 1 437
50 73 76 6 0 437
50 73 76 1 1 437
27 5
31 55 63 8 0 1000
31 55 63 1 1 1000
23 43 120 1 0 1000
57 72 97 4 0 1000
57 72 97 1 1 1000
28 6
31 72 96 5 0 736
31 72 96 1 1 736
47 72 75 5 0 736
47 72 75 1 1 736
20 25 80 6 0 736
20 25 80 1 1 736
29 5
27 37 78 3 0 352
25 70 89 5 0 352
25 70 89 1 1 352
41 84 90 7 0 352
41 84 90 1 1 352
30 5
61 63 74 4 0 703
25 60 71 7 0 703
25 60 71 1 1 703
59 80 106 12 0 703
59 80 106 3 1 703
31 6
52 59 62 12 0 354
52 59 62 2 1 354
50 52 54 8 0 354
50 52 54 1 1 354
65 69 102 7 0 354
65 69 102 1 1 354
32 5
46 92 95 5 0 705
46 92 95 1 1 705
40 60 65 6 0 705
40 60 65 1 1 705
59 62 103 4 0 705
33 5
33 52 91 11 0 1045
33 52 91 2 1 1045
63 81 87 4 0 1045
45 79 113 4 0 1045
45 79 113 1 1 1045
34 6
26 39 41 8 0 1083
26 39 41 1 1 1083
34 40 110 8 0 1083
34 40 110 1 1 1083
52 77 94 5 0 1083
52 77 94 1 1 1083
35 6
36 64 66 4 0 944
36 64 66 1 1 944
49 73 97 5 0 944
49 73 97 1 1 944
43 60 69 6 0 944
43 60 69 1 1 944
36 6
26 39 41 4 0 206
26 39 41 1 1 206
34 40 110 12 0 206
34 40 110 2 1 206
52 77 94 8 0 206
52 77 94 2 1 206
37 4
50 51 65 4 0 562
28 78 113 8 0 562
28 78 113 1 1 562
32 35 120 3 0 562
38 6
41 71 86 8 0 625
41 71 86 1 1 625
58 58 75 6 0 625
58 58 75 1 1 625
27 81 100 7 0 625
27 81 100 1 1 625
39 5
37 69 78 4 0 736
58 90 115 5 0 736
58 90 115 1 1 736
20 53 68 8 0 736
20 53 68 1 1 736
40 6
50 78 89 4 0 411
50 78 89 1 1 411
46 65 73 6 0 411
46 65 73 1 1 411
39 66 94 4 0 411
39 66 94 1 1 411
41 4
45 54 91 7 0 2076
45 54 91 1 1 2076
72 77 105 2 0 2076
48 78 79 3 0 2076
42 6
29 80 113 4 0 619
29 80 113 1 1 619
62 65 98 6 0 619
62 65 98 1 1 619
46 59 60 8 0 619
46 59 60 1 1 619
43 6
71 80 82 8 0 478
71 80 82 1 1 478
27 37 66 7 0 478
27 37 66 1 1 478
31 76 77 5 0 478
31 76 77 1 1 478
44 6
32 50 91 9 0 727
32 50 91 2 1 727
40 66 118 4 0 727
40 66 118 1 1 727
32 69 75 5 0 727
32 69 75 1 1 727
45 6
51 79 118 9 0 277
51 79 118 2 1 277
31 32 86 8 0 277
31 32 86 2 1 277
52 58 64 12 0 277
52 58 64 3 1 277
46 6
31 66 68 9 0 151
31 66 68 2 1 151
26 34 120 6 0 151
26 34 120 1 1 151
60 76 95 12 0 151
60 76 95 3 1 151
47 6
23 68 99 9 0 961
23 68 99 2 1 961
40 52 68 6 0 961
40 52 68 1 1 961
61 66 101 7 0 961
61 66 101 1 1 961
48 5
32 40 60 5 0 894
32 40 60 1 1 894
55 75 98 4 0 894
39 59 60 8 0 894
39 59 60 1 1 894
49 6
31 55 63 7 0 782
31 55 63 1 1 782
23 43 120 7 0 782
23 43 120 1 1 782
57 72 97 6 0 782
57 72 97 1 1 782
50 5
49 63 70 6 0 526
49 63 70 1 1 526
49 54 84 7 0 526
49 54 84 1 1 526
42 70 89 4 0 526
// node 1 node 2 distance
0	1	13.9
0	2	21.0
0	3	32.6
0	4	17.2
0	5	14.1
0	6	11.4
0	7	26.4
0	8	22.0
0	9	23.1
0	10	28.3
0	11	12.0
0	12	8.1
0	13	29.2
0	14	18.1
0	15	24.7
0	16	22.0
0	17	17.3
0	18	14.8
0	19	31.9
0	20	32.4
0	21	32.1
0	22	20.8
0	23	22.0
0	24	25.1
0	25	23.1
0	26	28.2
0	27	8.0
0	28	30.0
0	29	29.1
0	30	30.9
0	31	29.8
0	32	10.0
0	33	34.0
0	34	31.8
0	35	39.4
0	36	43.9
0	37	18.1
0	38	15.8
0	39	38.3
0	40	42.2
0	41	30.5
0	42	31.3
0	43	34.7
0	44	25.0
0	45	31.3
0	46	2.2
0	47	9.4
0	48	15.8
0	49	21.6
0	50	26.2
1	2	12.4
1	3	19.2
1	4	31.1
1	5	22.2
1	6	16.8
1	7	22.8
1	8	11.7
1	9	24.2
1	10	34.0
1	11	12.1
1	12	20.9
1	13	41.9
1	14	26.9
1	15	36.0
1	16	18.6
1	17	30.7
1	18	27.6
1	19	45.8
1	20	20.9
1	21	26.9
1	22	7.1
1	23	21.6
1	24	29.0
1	25	33.1
1	26	18.9
1	27	8.1
1	28	16.2
1	29	21.4
1	30	32.6
1	31	17.0
1	32	6.1
1	33	43.0
1	34	30.6
1	35	27.3
1	36	31.1
1	37	30.4
1	38	18.8
1	39	43.0
1	40	56.0
1	41	44.2
1	42	44.9
1	43	34.2
1	44	37.7
1	45	42.0
1	46	13.9
1	47	23.3
1	48	12.4
1	49	26.4
1	50	24.2
2	3	15.3
2	4	37.0
2	5	21.0
2	6	28.1
2	7	34.9
2	8	22.2
2	9	16.3
2	10	28.1
2	11	10.6
2	12	24.8
2	13	50.1
2	14	37.7
2	15	35.5
2	16	8.5
2	17	34.1
2	18	35.8
2	19	50.9
2	20	12.0
2	21	14.8
2	22	10.6
2	23	34.0
2	24	41.1
2	25	43.4
2	26	29.1
2	27	19.0
2	28	19.0
2	29	9.1
2	30	23.8
2	31	23.3
2	32	11.4
2	33	39.1
2	34	20.0
2	35	19.1
2	36	24.4
2	37	31.9
2	38	14.6
2	39	35.4
2	40	61.5
2	41	50.4
2	42	48.0
2	43	46.5
2	44	38.9
2	45	40.3
2	46	19.7
2	47	29.4
2	48	24.7
2	49	21.0
2	50	13.9
3	4	49.7
3	5	36.1
3	6	35.4
3	7	35.0
3	8	21.1
3	9	31.0
3	10	43.0
3	11	25.1
3	12	38.3
3	13	61.1
3	14	45.7
3	15	50.6
3	16	23.0
3	17	48.0
3	18	46.8
3	19	64.2
3	20	7.8
3	21	24.2
3	22	12.2
3	23	36.7
3	24	45.6
3	25	52.0
3	26	25.3
3	27	27.2
3	28	9.5
3	29	17.1
3	30	37.5
3	31	15.8
3	32	22.8
3	33	54.3
3	34	32.3
3	35	10.0
3	36	12.1
3	37	46.5
3	38	29.8
3	39	49.5
3	40	74.7
3	41	63.0
3	42	62.3
3	43	47.0
3	44	53.7
3	45	55.5
3	46	32.0
3	47	41.9
3	48	28.5
3	49	36.2
3	50	27.3
4	5	20.4
4	6	21.0
4	7	37.1
4	8	37.6
4	9	32.8
4	10	31.4
4	11	26.6
4	12	12.5
4	13	15.0
4	14	17.9
4	15	18.9
4	16	35.3
4	17	7.6
4	18	7.6
4	19	14.8
4	20	48.9
4	21	44.9
4	22	38.0
4	23	31.3
4	24	28.6
4	25	17.7
4	26	42.6
4	27	24.2
4	28	47.0
4	29	43.9
4	30	38.0
4	31	46.2
4	32	26.9
4	33	30.5
4	34	41.6
4	35	56.0
4	36	60.8
4	37	12.6
4	38	26.6
4	39	40.5
4	40	25.0
4	41	13.5
4	42	16.0
4	43	40.9
4	44	14.9
4	45	24.8
4	46	17.7
4	47	7.8
4	48	29.4
4	49	28.1
4	50	37.6
5	6	25.5
5	7	40.2
5	8	33.2
5	9	12.4
5	10	14.2
5	11	11.2
5	12	9.2
5	13	35.4
5	14	30.5
5	15	14.6
5	16	16.3
5	17	14.8
5	18	23.2
5	19	31.9
5	20	32.8
5	21	25.1
5	22	27.1
5	23	36.1
5	24	38.8
5	25	34.0
5	26	40.2
5	27	20.6
5	28	37.1
5	29	25.5
5	30	18.2
5	31	39.1
5	32	16.1
5	33	20.9
5	34	21.2
5	35	39.7
5	36	45.3
5	37	11.3
5	38	7.1
5	39	24.2
5	40	42.4
5	41	32.7
5	42	27.6
5	43	48.8
5	44	18.0
5	45	20.0
5	46	12.0
5	47	15.1
5	48	29.2
5	49	8.2
5	50	17.5
6	7	16.5
6	8	18.0
6	9	34.0
6	10	39.7
6	11	21.8
6	12	18.0
6	13	27.2
6	14	10.3
6	15	34.4
6	16	31.6
6	17	24.7
6	18	14.6
6	19	34.9
6	20	37.6
6	21	41.3
6	22	23.3
6	23	11.2
6	24	13.9
6	25	16.6
6	26	21.8
6	27	9.1
6	28	29.7
6	29	37.0
6	30	42.1
6	31	27.2
6	32	17.0
6	33	44.7
6	34	42.4
6	35	44.0
6	36	47.4
6	37	27.3
6	38	26.8
6	39	49.7
6	40	44.0
6	41	32.0
6	42	37.0
6	43	23.3
6	44	33.2
6	45	41.1
6	46	13.6
6	47	15.5
6	48	8.9
6	49	33.0
6	50	36.4
7	8	14.0
7	9	46.1
7	10	54.0
7	11	33.3
7	12	34.0
7	13	39.8
7	14	21.6
7	15	50.7
7	16	41.3
7	17	41.2
7	18	30.0
7	19	50.2
7	20	40.3
7	21	49.7
7	22	25.7
7	23	6.1
7	24	14.2
7	25	26.9
7	26	11.2
7	27	19.8
7	28	26.3
7	29	43.7
7	30	54.6
7	31	20.9
7	32	27.0
7	33	60.4
7	34	53.3
7	35	45.0
7	36	46.4
7	37	43.7
7	38	39.6
7	39	63.8
7	40	58.2
7	41	46.5
7	42	53.2
7	43	12.0
7	44	49.7
7	45	57.4
7	46	28.3
7	47	32.0
7	48	11.3
7	49	46.8
7	50	46.9
8	9	35.8
8	10	45.6
8	11	23.7
8	12	30.0
8	13	45.2
8	14	27.6
8	15	46.3
8	16	29.7
8	17	39.2
8	18	32.2
8	19	52.2
8	20	26.3
8	21	36.9
8	22	12.1
8	23	15.8
8	24	25.1
8	25	33.9
8	26	7.2
8	27	14.0
8	28	13.0
8	29	30.4
8	30	44.2
8	31	9.2
8	32	17.5
8	33	54.1
8	34	41.7
8	35	31.0
8	36	32.8
8	37	40.0
8	38	30.4
8	39	54.7
8	40	61.7
8	41	49.7
8	42	53.0
8	43	26.1
8	44	47.0
8	45	52.6
8	46	23.0
8	47	30.6
8	48	9.2
8	49	38.0
8	50	35.4
9	10	12.0
9	11	12.8
9	12	21.0
9	13	47.7
9	14	41.0
9	15	23.3
9	16	8.0
9	17	26.9
9	18	35.0
9	19	43.8
9	20	25.5
9	21	13.5
9	22	26.0
9	23	43.3
9	24	47.9
9	25	45.3
9	26	43.0
9	27	26.6
9	28	35.2
9	29	16.2
9	30	8.5
9	31	39.0
9	32	19.1
9	33	23.8
9	34	9.0
9	35	31.6
9	36	37.6
9	37	22.8
9	38	7.3
9	39	19.3
9	40	54.2
9	41	44.9
9	42	38.6
9	43	56.3
9	44	28.4
9	45	26.4
9	46	20.9
9	47	27.0
9	48	34.8
9	49	6.4
9	50	5.7
10	11	21.9
10	12	22.8
10	13	46.2
10	14	44.3
10	15	15.8
10	16	20.0
10	17	24.1
10	18	36.1
10	19	38.8
10	20	37.5
10	21	23.7
10	22	37.1
10	23	50.2
10	24	53.0
10	25	47.2
10	26	52.8
10	27	34.2
10	28	46.7
10	29	27.9
10	30	9.2
10	31	50.0
10	32	28.2
10	33	12.1
10	34	15.6
10	35	43.4
10	36	49.5
10	37	19.0
10	38	15.2
10	39	10.0
10	40	48.4
10	41	41.2
10	42	32.0
10	43	63.0
10	44	21.8
10	45	16.3
10	46	26.2
10	47	28.2
10	48	42.8
10	49	7.6
10	50	16.8
11	12	14.2
11	13	40.3
11	14	30.0
11	15	25.7
11	16	10.0
11	17	23.4
11	18	26.2
11	19	40.3
11	20	22.7
11	21	20.0
11	22	16.0
11	23	30.5
11	24	35.7
11	25	35.1
11	26	30.9
11	27	13.9
11	28	26.0
11	29	17.5
11	30	21.3
11	31	28.4
11	32	6.4
11	33	31.3
11	34	20.6
11	35	29.7
11	36	35.0
11	37	21.5
11	38	6.7
11	39	31.1
11	40	50.9
11	41	40.0
11	42	37.4
11	43	43.6
11	44	28.6
11	45	31.1
11	46	10.2
11	47	19.2
11	48	22.0
11	49	14.3
11	50	14.6
12	13	26.9
12	14	21.5
12	15	16.8
12	16	22.8
12	17	9.8
12	18	14.0
12	19	26.2
12	20	36.8
12	21	32.6
12	22	27.3
12	23	29.2
12	24	30.5
12	25	24.7
12	26	36.2
12	27	16.0
12	28	37.0
12	29	31.4
12	30	27.5
12	31	37.5
12	32	15.7
12	33	26.6
12	34	30.0
12	35	43.8
12	36	48.9
12	37	10.0
12	38	14.3
12	39	32.8
12	40	36.8
12	41	25.8
12	42	24.2
12	43	41.2
12	44	17.0
12	45	23.4
12	46	7.1
12	47	6.0
12	48	23.8
12	49	17.5
12	50	25.5
13	14	18.4
13	15	32.3
13	16	49.6
13	17	22.1
13	18	14.4
13	19	14.4
13	20	61.6
13	21	59.5
13	22	48.9
13	23	33.8
13	24	27.2
13	25	13.2
13	26	48.3
13	27	34.0
13	28	56.6
13	29	57.8
13	30	53.0
13	31	54.4
13	32	39.1
13	33	43.7
13	34	56.6
13	35	68.5
13	36	72.8
13	37	27.2
13	38	41.2
13	39	54.9
13	40	19.0
13	41	9.4
13	42	21.9
13	43	39.0
13	44	26.9
13	45	37.2
13	46	30.4
13	47	21.2
13	48	36.1
13	49	43.1
13	50	52.4
14	15	35.4
14	16	40.0
14	17	24.2
14	18	10.3
14	19	29.0
14	20	47.8
14	21	50.0
14	22	33.5
14	23	15.5
14	24	10.8
14	25	6.4
14	26	30.0
14	27	19.0
14	28	39.8
14	29	46.4
14	30	48.4
14	31	36.8
14	32	26.3
14	33	46.7
14	34	49.8
14	35	54.2
14	36	57.7
14	37	28.3
14	38	33.7
14	39	54.2
14	40	36.7
14	41	25.1
14	42	33.2
14	43	23.1
14	44	32.4
14	45	41.9
14	46	20.2
14	47	16.4
14	48	18.4
14	49	38.6
14	50	44.3
15	16	29.7
15	17	11.4
15	18	25.5
15	19	23.2
15	20	47.0
15	21	36.8
15	22	41.4
15	23	45.6
15	24	45.6
15	25	36.4
15	26	52.8
15	27	32.6
15	28	51.5
15	29	38.8
15	30	24.6
15	31	53.0
15	32	30.1
15	33	11.7
15	34	30.2
15	35	53.7
15	36	59.5
15	37	7.2
15	38	21.0
15	39	23.0
15	40	32.6
15	41	26.0
15	42	16.2
15	43	57.1
15	44	6.1
15	45	6.7
15	46	23.3
15	47	19.4
15	48	40.5
15	49	17.0
15	50	29.0
16	17	30.8
16	18	35.9
16	19	48.0
16	20	17.7
16	21	10.0
16	22	18.9
16	23	39.4
16	24	45.4
16	25	45.1
16	26	36.8
16	27	23.1
16	28	27.5
16	29	9.2
16	30	15.2
16	31	31.8
16	32	14.9
16	33	31.6
16	34	12.0
16	35	24.2
16	36	30.1
16	37	27.6
16	38	9.2
16	39	26.9
16	40	58.6
16	41	48.4
16	42	43.8
16	43	52.3
16	44	34.1
16	45	33.6
16	46	20.1
16	47	28.5
16	48	30.4
16	49	13.6
16	50	5.7
17	18	14.1
17	19	17.2
17	20	46.1
17	21	39.8
17	22	37.2
17	23	35.7
17	24	34.7
17	25	25.0
17	26	45.0
17	27	25.2
17	28	46.8
17	29	39.8
17	30	31.3
17	31	47.1
17	32	25.5
17	33	23.0
17	34	35.4
17	35	53.2
17	36	58.4
17	37	5.1
17	38	21.6
17	39	33.0
17	40	27.8
17	41	18.0
17	42	14.3
17	43	46.5
17	44	8.5
17	45	17.7
17	46	16.8
17	47	9.2
17	48	32.1
17	49	21.6
17	50	32.2
18	19	20.4
18	20	47.2
18	21	45.9
18	22	34.7
18	23	24.0
18	24	21.0
18	25	11.2
18	26	36.4
18	27	19.8
18	28	42.8
18	29	43.7
18	30	41.4
18	31	41.2
18	32	24.7
18	33	37.0
18	34	44.0
18	35	54.1
18	36	58.4
18	37	18.6
18	38	28.1
18	39	45.7
18	40	29.5
18	41	17.5
18	42	23.3
18	43	33.2
18	44	22.2
18	45	31.8
18	46	16.2
18	47	8.1
18	48	23.4
18	49	31.4
18	50	39.2
19	20	62.9
19	21	56.9
19	22	52.7
19	23	44.1
19	24	39.3
19	25	25.7
19	26	56.8
19	27	38.9
19	28	61.8
19	29	57.0
19	30	47.1
19	31	60.9
19	32	41.4
19	33	33.1
19	34	52.0
19	35	70.0
19	36	75.1
19	37	21.0
19	38	38.8
19	39	46.0
19	40	10.6
19	41	5.0
19	42	8.5
19	43	51.6
19	44	17.1
19	45	26.2
19	46	32.2
19	47	22.5
19	48	43.7
19	49	38.1
19	50	49.2
20	21	16.8
20	22	15.0
20	23	41.0
20	24	49.4
20	25	53.9
20	26	31.6
20	27	28.8
20	28	16.6
20	29	10.0
20	30	31.0
20	31	22.8
20	32	22.5
20	33	49.2
20	34	25.3
20	35	7.1
20	36	12.5
20	37	43.8
20	38	25.9
20	39	43.0
20	40	73.5
20	41	62.4
20	42	60.0
20	43	52.3
20	44	50.8
20	45	51.3
20	46	31.4
20	47	41.2
20	48	32.1
20	49	31.3
20	50	21.0
21	22	25.0
21	23	48.4
21	24	54.9
21	25	55.1
21	26	43.6
21	27	32.6
21	28	31.4
21	29	7.2
21	30	15.5
21	31	36.8
21	32	24.3
21	33	35.8
21	34	9.1
21	35	21.0
21	36	27.0
21	37	36.1
21	38	18.4
21	39	27.2
21	40	67.4
21	41	57.7
21	42	52.0
21	43	61.1
21	44	41.9
21	45	39.4
21	46	30.1
21	47	38.3
21	48	39.2
21	49	19.8
21	50	7.8
22	23	26.0
22	24	34.4
22	25	39.8
22	26	18.6
22	27	15.0
22	28	10.0
22	29	18.4
22	30	34.0
22	31	13.0
22	32	11.7
22	33	47.2
22	34	30.6
22	35	20.9
22	36	24.2
22	37	36.4
22	38	22.2
22	39	45.3
22	40	63.0
22	41	51.2
22	42	51.5
22	43	37.7
22	44	43.7
22	45	47.1
22	46	20.6
22	47	30.2
22	48	17.1
22	49	29.6
22	50	24.4
23	24	9.4
23	25	21.0
23	26	15.6
23	27	16.6
23	28	28.8
23	29	43.0
23	30	51.6
23	31	24.2
23	32	24.6
23	33	55.8
23	34	51.0
23	35	46.4
23	36	48.5
23	37	38.5
23	38	36.4
23	39	60.1
23	40	52.2
23	41	40.4
23	42	47.3
23	43	13.0
23	44	44.3
23	45	52.3
23	46	24.1
23	47	26.6
23	48	9.2
23	49	43.2
23	50	44.7
24	25	14.0
24	26	24.8
24	27	22.4
24	28	38.1
24	29	50.2
24	30	55.9
24	31	33.6
24	32	30.6
24	33	56.6
24	34	56.3
24	35	55.1
24	36	57.6
24	37	38.4
24	38	40.7
24	39	63.0
24	40	46.1
24	41	35.1
24	42	44.0
24	43	12.4
24	44	43.0
24	45	52.2
24	46	27.3
24	47	26.2
24	48	17.3
24	49	46.6
24	50	50.3
25	26	36.1
25	27	25.1
25	28	46.2
25	29	52.0
25	30	52.2
25	31	43.1
25	32	32.0
25	33	48.0
25	34	54.2
25	35	60.4
25	36	64.0
25	37	29.7
25	38	38.1
25	39	56.9
25	40	32.1
25	41	21.2
25	42	31.3
25	43	26.1
25	44	32.5
25	45	42.5
25	46	25.0
25	47	19.0
25	48	24.8
25	49	42.2
25	50	49.0
26	27	20.2
26	28	16.0
26	29	36.9
26	30	51.4
26	31	10.0
26	32	24.6
26	33	61.0
26	34	48.8
26	35	35.4
26	36	36.0
26	37	46.3
26	38	37.6
26	39	61.9
26	40	65.8
26	41	53.8
26	42	58.3
26	43	22.4
26	44	53.1
26	45	59.2
26	46	29.4
26	47	36.1
26	48	13.2
26	49	45.2
26	50	42.4
27	28	23.0
27	29	28.0
27	30	35.0
27	31	22.1
27	32	8.2
27	33	41.2
27	34	34.4
27	35	35.3
27	36	39.1
27	37	26.1
27	38	19.8
27	39	43.9
27	40	48.9
27	41	36.9
27	42	39.1
27	43	29.7
27	44	33.0
27	45	39.1
27	46	9.2
27	47	16.8
27	48	8.6
27	49	26.9
27	50	28.2
28	29	24.2
28	30	42.7
28	31	6.3
28	32	21.6
28	33	57.1
28	34	38.5
28	35	19.4
28	36	20.1
28	37	46.3
28	38	32.1
28	39	54.4
28	40	71.9
28	41	59.9
28	42	61.1
28	43	38.1
28	44	53.6
28	45	57.1
28	46	30.1
28	47	39.4
28	48	21.6
28	49	39.3
28	50	32.7
29	30	21.0
29	31	29.7
29	32	20.1
29	33	39.8
29	34	15.3
29	35	15.5
29	36	21.6
29	37	36.8
29	38	18.4
29	39	33.0
29	40	67.6
29	41	57.1
29	42	53.0
29	43	55.4
29	44	43.3
29	45	42.5
29	46	27.5
29	47	36.7
29	48	33.7
29	49	22.4
29	50	11.2
30	31	47.0
30	32	27.6
30	33	20.8
30	34	6.7
30	35	36.2
30	36	42.3
30	37	26.5
30	38	15.3
30	39	12.0
30	40	57.0
30	41	49.0
30	42	40.7
30	43	64.6
30	44	30.5
30	45	25.5
30	46	28.6
30	47	33.4
30	48	43.3
30	49	10.0
30	50	10.2
31	32	23.0
31	33	59.7
31	34	43.3
31	35	25.7
31	36	26.0
31	37	47.3
31	38	34.9
31	39	58.3
31	40	70.7
31	41	58.6
31	42	61.1
31	43	32.4
31	44	54.5
31	45	59.0
31	46	30.4
31	47	38.9
31	48	18.4
31	49	42.4
31	50	37.2
32	33	36.9
32	34	26.4
32	35	29.4
32	36	34.0
32	37	24.7
32	38	13.0
32	39	37.4
32	40	51.9
32	41	40.3
32	42	39.8
32	43	37.6
32	44	32.0
32	45	36.0
32	46	9.2
32	47	19.1
32	48	15.8
32	49	20.6
32	50	20.1
33	34	27.5
33	35	55.4
33	36	61.4
33	37	18.4
33	38	25.0
33	39	13.9
33	40	41.2
33	41	36.7
33	42	25.0
33	43	67.8
33	44	16.8
33	45	7.0
33	46	32.2
33	47	30.4
33	48	49.7
33	49	18.1
33	50	28.8
34	35	30.0
34	36	36.1
34	37	31.0
34	38	16.1
34	39	18.1
34	40	62.2
34	41	53.5
34	42	46.1
34	43	64.0
34	44	35.8
34	45	31.8
34	46	29.6
34	47	36.0
34	48	42.2
34	49	13.9
34	50	6.4
35	36	6.1
35	37	50.8
35	38	32.8
35	39	48.1
35	40	80.6
35	41	69.4
35	42	67.0
35	43	57.0
35	44	57.7
35	45	57.8
35	46	38.4
35	47	48.3
35	48	37.9
35	49	37.7
35	50	26.7
36	37	56.3
36	38	38.5
36	39	54.1
36	40	85.6
36	41	74.2
36	42	72.4
36	43	58.2
36	44	63.3
36	45	63.7
36	46	43.1
36	47	53.0
36	48	40.5
36	49	43.7
36	50	32.8
37	38	18.4
37	39	27.9
37	40	31.4
37	41	22.6
37	42	16.3
37	43	49.9
37	44	7.3
37	45	13.9
37	46	17.0
37	47	12.2
37	48	33.7
37	49	17.1
37	50	28.3
38	39	24.4
38	40	49.4
38	41	39.4
38	42	34.7
38	43	49.4
38	44	25.0
38	45	25.7
38	46	13.6
38	47	20.2
38	48	28.3
38	49	7.6
38	50	11.2
39	40	54.7
39	41	49.0
39	42	38.3
39	43	72.9
39	44	29.0
39	45	20.6
39	46	36.1
39	47	38.0
39	48	52.5
39	49	17.0
39	50	22.2
40	41	12.1
40	42	16.5
40	43	58.0
40	44	26.6
40	45	34.2
40	46	42.6
40	47	32.8
40	48	52.9
40	49	48.3
40	50	59.7
41	42	13.0
41	43	47.3
41	44	20.1
41	45	29.8
41	46	31.1
41	47	21.2
41	48	40.9
41	49	39.6
41	50	50.2
42	43	56.3
42	44	10.3
42	45	18.0
42	46	31.0
42	47	22.4
42	48	45.2
42	49	32.4
42	50	44.2
43	44	55.0
43	45	63.8
43	46	36.8
43	47	37.7
43	48	21.9
43	49	56.1
43	50	57.7
44	45	10.3
44	46	24.1
44	47	17.7
44	48	40.3
44	49	22.2
44	50	34.1
45	46	29.8
45	47	26.1
45	48	47.1
45	49	20.1
45	50	31.9
46	47	9.9
46	48	17.5
46	49	19.4
46	50	24.1
47	48	23.0
47	49	23.3
47	50	31.4
48	49	35.5
48	50	35.8
49	50	12.0