// 7
7 3
// class: -
// number of customers
// number of vehicles
// number of box types
// number of items
75 75 1844 5116
// max-weight height width length of vehicles (cm)
// 
140000 220 233 587
// node no-box-types / h w l no. boxes frag weight
0 0
1 18
46 52 76 2 0 418
31 59 66 4 0 418
31 59 66 1 1 418
44 55 62 4 0 418
36 46 95 1 0 418
35 59 63 4 0 418
35 59 63 1 1 418
37 54 91 2 0 418
36 44 49 1 0 418
49 66 109 4 0 418
62 85 109 3 0 418
48 67 77 2 0 418
76 79 112 2 0 418
28 40 102 3 0 418
65 99 106 5 0 418
65 99 106 1 1 418
50 73 86 1 0 418
30 86 100 2 0 418
2 31
46 48 64 1 0 257
22 25 79 5 0 257
22 25 79 1 1 257
33 85 89 7 0 257
33 85 89 1 1 257
34 66 79 3 0 257
31 54 79 6 0 257
31 54 79 1 1 257
22 95 115 5 0 257
22 95 115 1 1 257
44 54 76 5 0 257
44 54 76 1 1 257
29 44 80 8 0 257
29 44 80 1 1 257
26 33 66 5 0 257
26 33 66 1 1 257
32 32 50 9 0 257
32 32 50 2 1 257
21 93 116 4 0 257
50 64 113 4 0 257
31 80 101 3 0 257
46 76 96 6 0 257
46 76 96 1 1 257
26 61 61 4 0 257
26 61 61 1 1 257
23 26 108 1 0 257
31 88 96 2 0 257
47 61 80 3 0 257
35 74 87 4 0 257
50 51 61 4 0 257
50 51 61 1 1 257
3 21
27 35 68 4 0 177
36 72 73 3 0 177
50 58 85 4 0 177
50 58 85 1 1 177
33 56 86 4 0 177
31 44 99 2 0 177
49 54 93 4 0 177
26 69 89 2 0 177
74 90 98 3 0 177
46 48 58 4 0 177
22 55 56 2 0 177
59 63 104 2 0 177
66 69 80 3 0 177
58 59 110 3 0 177
63 79 96 4 0 177
57 77 82 1 0 177
34 48 55 4 0 177
40 99 120 4 0 177
40 99 120 1 1 177
34 43 97 3 0 177
55 68 115 4 0 177
4 27
32 60 74 4 0 361
43 50 100 7 0 361
43 50 100 1 1 361
42 74 95 3 0 361
30 70 95 4 0 361
24 37 45 1 0 361
25 60 67 1 0 361
35 51 55 7 0 361
35 51 55 1 1 361
61 71 76 4 0 361
51 88 119 2 0 361
26 81 98 4 0 361
26 81 98 1 1 361
61 69 86 4 0 361
30 54 117 4 0 361
30 54 117 1 1 361
24 40 96 4 0 361
24 40 96 1 1 361
41 52 54 4 0 361
41 61 89 2 0 361
71 81 82 4 0 361
49 53 97 5 0 361
49 53 97 1 1 361
35 72 74 4 0 361
35 72 74 1 1 361
47 77 83 4 0 361
45 48 80 4 0 361
5 29
57 80 95 4 0 244
57 80 95 1 1 244
23 87 112 4 0 244
40 41 116 4 0 244
40 41 116 1 1 244
56 80 98 1 0 244
59 60 108 3 0 244
67 77 82 4 0 244
67 77 82 1 1 244
36 46 67 6 0 244
36 46 67 1 1 244
44 72 104 4 0 244
24 56 89 3 0 244
36 36 64 4 0 244
36 36 64 1 1 244
31 86 101 9 0 244
31 86 101 2 1 244
37 65 69 2 0 244
22 39 106 2 0 244
37 58 100 4 0 244
37 58 100 1 1 244
35 53 56 3 0 244
51 53 66 3 0 244
20 36 116 4 0 244
33 35 48 4 0 244
33 35 48 1 1 244
41 62 63 4 0 244
48 53 59 4 0 244
48 53 59 1 1 244
6 25
50 78 89 4 0 260
50 78 89 1 1 260
46 65 73 2 0 260
39 66 94 3 0 260
42 59 66 3 0 260
70 93 106 3 0 260
62 71 80 3 0 260
26 36 60 3 0 260
31 31 72 5 0 260
31 31 72 1 1 260
31 63 63 7 0 260
31 63 63 1 1 260
23 39 74 4 0 260
23 39 74 1 1 260
52 72 105 3 0 260
45 76 101 3 0 260
65 73 93 4 0 260
42 47 74 4 0 260
42 47 74 1 1 260
28 33 72 3 0 260
45 91 99 4 0 260
44 60 79 3 0 260
50 57 81 1 0 260
61 72 99 4 0 260
31 35 38 2 0 260
7 26
68 80 109 4 0 214
68 80 109 1 1 214
31 45 90 4 0 214
31 45 90 1 1 214
34 56 66 2 0 214
34 66 76 5 0 214
34 66 76 1 1 214
53 80 111 2 0 214
29 59 86 6 0 214
29 59 86 1 1 214
63 72 80 3 0 214
22 47 81 4 0 214
64 80 114 1 0 214
32 37 90 3 0 214
40 48 75 2 0 214
45 52 67 4 0 214
74 82 88 4 0 214
74 82 88 1 1 214
23 63 100 3 0 214
48 53 103 3 0 214
41 44 79 2 0 214
50 85 89 3 0 214
44 54 60 4 0 214
44 54 60 1 1 214
45 71 88 4 0 214
45 71 88 1 1 214
8 25
32 53 64 4 0 253
32 53 64 1 1 253
28 42 51 4 0 253
30 32 49 4 0 253
30 32 49 1 1 253
59 68 109 4 0 253
59 68 109 1 1 253
32 43 66 5 0 253
32 43 66 1 1 253
47 71 120 1 0 253
41 57 109 1 0 253
28 70 100 2 0 253
51 70 76 1 0 253
26 40 85 4 0 253
26 40 85 1 1 253
55 71 79 2 0 253
55 73 93 3 0 253
75 75 101 2 0 253
53 58 89 4 0 253
31 53 118 4 0 253
37 43 77 5 0 253
37 43 77 1 1 253
46 60 64 2 0 253
37 67 74 3 0 253
38 47 89 2 0 253
9 28
31 48 68 4 0 349
31 48 68 1 1 349
63 80 104 1 0 349
21 46 82 4 0 349
21 46 82 1 1 349
60 78 114 4 0 349
60 78 114 1 1 349
66 74 90 2 0 349
36 54 112 4 0 349
54 64 71 2 0 349
33 53 74 6 0 349
33 53 74 1 1 349
57 62 75 5 0 349
57 62 75 1 1 349
52 62 68 1 0 349
47 49 64 2 0 349
36 39 60 5 0 349
36 39 60 1 1 349
35 45 55 8 0 349
35 45 55 1 1 349
31 35 59 3 0 349
34 47 104 4 0 349
38 74 81 3 0 349
45 77 101 4 0 349
36 55 116 8 0 349
36 55 116 1 1 349
47 71 77 4 0 349
38 73 90 1 0 349
10 24
31 72 96 8 0 351
31 72 96 1 1 351
47 72 75 2 0 351
20 25 80 1 0 351
61 94 114 4 0 351
39 40 100 2 0 351
48 51 72 5 0 351
48 51 72 1 1 351
24 28 36 4 0 351
24 28 36 1 1 351
35 58 85 3 0 351
58 84 85 4 0 351
24 48 95 1 0 351
25 70 115 4 0 351
26 64 73 3 0 351
35 54 68 4 0 351
60 62 83 7 0 351
60 62 83 1 1 351
43 56 57 2 0 351
56 57 101 2 0 351
42 48 56 4 0 351
38 55 93 3 0 351
53 53 53 6 0 351
53 53 53 1 1 351
11 27
47 66 118 6 0 536
47 66 118 1 1 536
25 56 99 3 0 536
48 83 91 2 0 536
40 66 104 4 0 536
40 66 104 1 1 536
33 60 75 4 0 536
33 60 75 1 1 536
60 78 113 4 0 536
29 36 36 1 0 536
40 48 56 1 0 536
22 40 67 5 0 536
22 40 67 1 1 536
64 78 92 3 0 536
31 61 73 4 0 536
31 61 73 1 1 536
58 66 72 2 0 536
26 44 56 4 0 536
34 65 93 1 0 536
50 63 113 4 0 536
50 63 113 1 1 536
31 34 35 3 0 536
80 99 100 2 0 536
20 69 105 2 0 536
38 60 77 4 0 536
38 60 77 1 1 536
30 69 98 3 0 536
12 26
50 74 76 4 0 216
50 74 76 1 1 216
29 40 86 4 0 216
48 55 66 3 0 216
37 57 75 4 0 216
29 83 102 3 0 216
52 58 74 5 0 216
52 58 74 1 1 216
36 65 89 2 0 216
67 68 99 1 0 216
66 78 80 4 0 216
45 57 65 4 0 216
45 57 65 1 1 216
30 59 112 2 0 216
68 75 79 4 0 216
30 48 97 6 0 216
30 48 97 1 1 216
31 70 73 3 0 216
44 83 90 2 0 216
64 93 101 2 0 216
78 82 89 3 0 216
26 54 85 4 0 216
26 54 85 1 1 216
29 34 57 4 0 216
68 71 78 4 0 216
68 71 78 1 1 216
13 24
28 94 100 3 0 164
66 78 81 7 0 164
66 78 81 1 1 164
37 63 119 3 0 164
30 50 72 3 0 164
40 58 58 3 0 164
29 55 108 3 0 164
38 49 54 2 0 164
44 46 69 6 0 164
44 46 69 1 1 164
61 71 88 3 0 164
35 58 83 3 0 164
37 77 108 4 0 164
37 77 108 1 1 164
57 62 108 3 0 164
31 61 73 1 0 164
43 46 92 4 0 164
43 46 92 1 1 164
51 53 62 7 0 164
51 53 62 1 1 164
20 69 79 3 0 164
38 39 74 3 0 164
28 70 92 4 0 164
61 73 78 3 0 164
14 22
69 79 86 4 0 574
31 46 53 4 0 574
37 51 96 3 0 574
54 55 119 1 0 574
37 74 77 4 0 574
24 73 96 2 0 574
54 67 75 1 0 574
61 71 88 3 0 574
46 93 120 3 0 574
69 70 104 2 0 574
61 69 72 1 0 574
43 51 68 3 0 574
53 71 118 3 0 574
54 57 78 2 0 574
22 67 72 2 0 574
34 82 84 2 0 574
33 72 74 4 0 574
33 72 74 1 1 574
36 37 48 1 0 574
36 57 69 2 0 574
59 68 109 5 0 574
59 68 109 1 1 574
15 25
68 80 109 1 0 119
34 56 66 3 0 119
34 66 76 4 0 119
34 66 76 1 1 119
53 80 111 4 0 119
29 59 86 2 0 119
63 72 80 3 0 119
22 47 81 2 0 119
64 80 114 2 0 119
32 37 90 4 0 119
32 37 90 1 1 119
40 48 75 1 0 119
45 52 67 4 0 119
74 82 88 4 0 119
23 63 100 2 0 119
48 53 103 1 0 119
41 44 79 4 0 119
41 44 79 1 1 119
50 85 89 4 0 119
50 85 89 1 1 119
44 54 60 8 0 119
44 54 60 1 1 119
27 52 65 6 0 119
27 52 65 1 1 119
45 71 88 2 0 119
16 25
36 64 66 1 0 306
49 73 97 3 0 306
43 60 69 4 0 306
20 37 52 4 0 306
20 37 52 1 1 306
37 63 109 4 0 306
24 57 79 2 0 306
22 72 95 3 0 306
39 50 65 2 0 306
30 42 98 2 0 306
36 40 53 2 0 306
51 54 82 4 0 306
31 33 77 2 0 306
49 56 66 5 0 306
49 56 66 1 1 306
62 68 101 1 0 306
46 64 82 4 0 306
46 64 82 1 1 306
58 83 88 4 0 306
58 83 88 1 1 306
29 51 108 2 0 306
62 76 91 4 0 306
62 76 91 1 1 306
25 32 61 3 0 306
30 47 70 1 0 306
17 28
32 53 64 3 0 263
28 42 51 8 0 263
28 42 51 1 1 263
30 32 49 2 0 263
32 43 66 3 0 263
47 71 120 4 0 263
47 71 120 1 1 263
41 57 109 2 0 263
28 70 100 4 0 263
28 70 100 1 1 263
51 70 76 5 0 263
51 70 76 1 1 263
26 40 85 5 0 263
26 40 85 1 1 263
55 71 79 3 0 263
55 73 93 2 0 263
75 75 101 1 0 263
53 58 89 4 0 263
36 53 98 2 0 263
31 53 118 5 0 263
31 53 118 1 1 263
37 43 77 5 0 263
37 43 77 1 1 263
46 60 64 1 0 263
37 67 74 4 0 263
37 67 74 1 1 263
38 47 89 4 0 263
38 47 89 1 1 263
18 26
63 82 96 3 0 188
59 63 74 3 0 188
43 60 86 2 0 188
57 67 90 6 0 188
57 67 90 1 1 188
80 91 97 4 0 188
80 91 97 1 1 188
28 61 116 1 0 188
35 41 86 1 0 188
26 44 67 4 0 188
31 79 115 5 0 188
31 79 115 1 1 188
46 59 62 1 0 188
39 41 49 3 0 188
33 48 55 3 0 188
63 89 113 4 0 188
33 36 49 4 0 188
33 36 49 1 1 188
54 63 71 2 0 188
21 58 62 4 0 188
34 75 85 4 0 188
34 75 85 1 1 188
50 61 64 3 0 188
48 53 73 5 0 188
48 53 73 1 1 188
47 53 57 1 0 188
19 26
26 45 60 3 0 182
39 43 71 7 0 182
39 43 71 1 1 182
64 71 99 4 0 182
64 71 99 1 1 182
40 41 61 2 0 182
43 79 83 5 0 182
43 79 83 1 1 182
35 52 63 3 0 182
20 33 54 6 0 182
20 33 54 1 1 182
51 57 62 4 0 182
71 76 79 4 0 182
48 81 91 3 0 182
23 70 95 5 0 182
23 70 95 1 1 182
42 57 101 8 0 182
42 57 101 1 1 182
61 76 119 4 0 182
25 68 93 4 0 182
27 94 104 4 0 182
27 94 104 1 1 182
36 65 66 1 0 182
48 66 68 2 0 182
21 46 100 4 0 182
30 81 106 2 0 182
20 22
58 72 78 2 0 379
57 57 107 2 0 379
37 64 72 2 0 379
26 66 93 3 0 379
35 67 116 4 0 379
39 56 101 3 0 379
39 100 108 4 0 379
33 55 64 3 0 379
53 65 73 4 0 379
53 65 73 1 1 379
35 41 106 1 0 379
28 78 82 6 0 379
28 78 82 1 1 379
58 59 79 3 0 379
22 84 92 2 0 379
50 65 80 5 0 379
50 65 80 1 1 379
24 77 82 2 0 379
51 73 74 1 0 379
40 43 90 1 0 379
51 70 98 4 0 379
53 69 107 3 0 379
21 26
46 81 105 3 0 368
61 81 115 3 0 368
23 51 72 5 0 368
23 51 72 1 1 368
33 56 65 3 0 368
21 44 60 7 0 368
21 44 60 1 1 368
65 69 85 4 0 368
35 82 90 4 0 368
64 94 115 4 0 368
64 94 115 1 1 368
33 53 80 1 0 368
37 81 95 3 0 368
45 46 66 4 0 368
45 46 66 1 1 368
25 36 109 4 0 368
50 62 89 3 0 368
27 32 54 4 0 368
27 32 54 1 1 368
32 33 79 2 0 368
47 50 80 4 0 368
47 50 80 1 1 368
44 57 81 3 0 368
21 31 107 1 0 368
80 85 91 4 0 368
27 68 93 4 0 368
22 27
31 55 63 3 0 151
23 43 120 2 0 151
57 72 97 6 0 151
57 72 97 1 1 151
42 76 77 3 0 151
20 74 93 3 0 151
43 63 65 4 0 151
43 63 65 1 1 151
40 71 108 4 0 151
40 71 108 1 1 151
21 36 79 3 0 151
26 62 68 5 0 151
26 62 68 1 1 151
40 50 68 3 0 151
31 42 79 3 0 151
38 56 76 5 0 151
38 56 76 1 1 151
51 79 80 3 0 151
29 69 115 3 0 151
30 50 113 5 0 151
30 50 113 1 1 151
22 90 96 4 0 151
26 41 60 3 0 151
36 93 118 4 0 151
33 72 80 2 0 151
76 96 98 4 0 151
76 96 98 1 1 151
23 20
55 60 110 4 0 111
71 78 80 2 0 111
50 75 110 3 0 111
40 72 100 2 0 111
32 60 103 4 0 111
62 72 80 1 0 111
67 74 120 2 0 111
37 52 75 2 0 111
48 54 57 2 0 111
36 73 83 7 0 111
36 73 83 1 1 111
40 64 75 2 0 111
31 80 98 4 0 111
31 80 98 1 1 111
52 100 112 5 0 111
52 100 112 1 1 111
44 49 56 1 0 111
27 96 116 4 0 111
45 65 92 5 0 111
45 65 92 1 1 111
24 20
59 76 82 2 0 519
50 51 60 3 0 519
61 66 104 2 0 519
28 36 71 4 0 519
28 36 71 1 1 519
26 77 89 3 0 519
66 84 108 4 0 519
45 51 90 2 0 519
33 35 48 3 0 519
52 57 89 3 0 519
58 77 99 1 0 519
66 86 92 3 0 519
46 80 93 3 0 519
39 45 72 4 0 519
24 46 73 1 0 519
37 71 112 4 0 519
69 69 70 4 0 519
27 64 112 1 0 519
39 42 52 2 0 519
23 84 120 2 0 519
25 28
49 63 70 6 0 162
49 63 70 1 1 162
49 54 84 4 0 162
42 70 89 4 0 162
39 48 80 3 0 162
42 47 114 4 0 162
42 47 114 1 1 162
34 62 92 4 0 162
34 62 92 1 1 162
43 66 72 4 0 162
43 66 72 1 1 162
46 55 120 8 0 162
46 55 120 2 1 162
25 62 106 5 0 162
25 62 106 1 1 162
34 53 72 3 0 162
35 44 74 4 0 162
28 71 103 2 0 162
31 35 115 3 0 162
39 62 117 3 0 162
32 32 60 4 0 162
39 80 86 4 0 162
39 80 86 1 1 162
42 70 71 2 0 162
32 58 87 3 0 162
29 44 97 3 0 162
30 61 95 4 0 162
30 61 95 1 1 162
26 23
26 39 41 2 0 295
34 40 110 2 0 295
52 77 94 2 0 295
71 96 119 3 0 295
47 63 67 3 0 295
31 43 61 2 0 295
35 53 72 6 0 295
35 53 72 1 1 295
38 38 64 3 0 295
45 71 110 1 0 295
52 71 73 1 0 295
55 92 95 3 0 295
31 74 86 2 0 295
52 62 99 3 0 295
31 44 81 3 0 295
70 94 113 2 0 295
28 100 109 3 0 295
30 34 63 5 0 295
30 34 63 1 1 295
28 43 111 3 0 295
28 35 48 5 0 295
28 35 48 1 1 295
38 53 97 4 0 295
27 25
20 54 114 2 0 246
50 87 92 4 0 246
26 43 114 2 0 246
42 69 93 1 0 246
64 79 80 3 0 246
29 80 99 7 0 246
29 80 99 1 1 246
47 54 60 1 0 246
32 53 54 5 0 246
32 53 54 1 1 246
68 75 113 4 0 246
68 75 113 1 1 246
49 66 67 4 0 246
49 66 67 1 1 246
21 30 65 3 0 246
29 63 110 3 0 246
27 60 75 3 0 246
40 71 95 4 0 246
38 43 55 2 0 246
31 32 105 5 0 246
31 32 105 1 1 246
46 81 90 2 0 246
38 60 90 4 0 246
38 60 90 1 1 246
22 42 77 4 0 246
28 22
46 71 83 3 0 491
54 63 76 3 0 491
40 56 91 1 0 491
34 42 61 2 0 491
47 67 84 4 0 491
57 79 95 5 0 491
57 79 95 1 1 491
23 80 90 3 0 491
28 43 69 3 0 491
48 69 72 3 0 491
58 64 83 4 0 491
24 94 99 4 0 491
24 94 99 1 1 491
53 69 96 1 0 491
36 70 71 2 0 491
45 52 57 2 0 491
43 71 99 4 0 491
27 71 72 2 0 491
22 37 59 3 0 491
44 56 86 1 0 491
41 55 80 3 0 491
30 58 78 4 0 491
29 23
37 73 90 2 0 265
33 95 102 3 0 265
30 38 117 2 0 265
57 73 75 1 0 265
34 36 86 2 0 265
62 81 101 1 0 265
51 69 76 4 0 265
51 69 76 1 1 265
30 30 65 4 0 265
30 30 65 1 1 265
37 46 61 2 0 265
45 52 96 2 0 265
27 57 112 1 0 265
54 93 103 4 0 265
54 93 103 1 1 265
68 84 110 2 0 265
27 30 92 1 0 265
33 48 116 2 0 265
40 43 70 4 0 265
40 43 70 1 1 265
54 64 87 3 0 265
32 82 88 3 0 265
45 76 102 2 0 265
30 28
44 46 51 1 0 318
47 92 95 3 0 318
23 39 116 4 0 318
32 37 51 5 0 318
32 37 51 1 1 318
38 44 117 4 0 318
38 44 117 1 1 318
73 89 103 1 0 318
54 55 73 4 0 318
54 55 73 1 1 318
40 98 116 2 0 318
22 48 62 2 0 318
30 38 106 1 0 318
32 40 100 4 0 318
32 40 100 1 1 318
26 53 87 2 0 318
35 35 57 3 0 318
75 75 80 1 0 318
32 88 111 5 0 318
32 88 111 1 1 318
29 42 109 5 0 318
29 42 109 1 1 318
29 35 49 5 0 318
29 35 49 1 1 318
23 65 92 5 0 318
23 65 92 1 1 318
30 32 112 2 0 318
30 90 94 2 0 318
31 23
37 44 100 5 0 446
37 44 100 1 1 446
55 78 90 2 0 446
42 57 65 4 0 446
41 58 85 1 0 446
50 69 81 1 0 446
51 78 84 8 0 446
51 78 84 1 1 446
73 73 109 3 0 446
52 58 73 1 0 446
40 49 73 3 0 446
39 60 120 2 0 446
68 80 111 3 0 446
53 70 71 1 0 446
59 70 71 1 0 446
33 78 93 3 0 446
43 71 83 3 0 446
23 48 49 1 0 446
44 49 94 4 0 446
27 30 66 4 0 446
27 30 66 1 1 446
40 54 77 2 0 446
61 73 79 1 0 446
32 29
25 36 52 4 0 318
21 37 63 6 0 318
21 37 63 1 1 318
36 61 100 8 0 318
36 61 100 1 1 318
36 52 79 4 0 318
36 63 99 5 0 318
36 63 99 1 1 318
30 49 97 3 0 318
55 69 90 2 0 318
28 33 91 4 0 318
41 76 111 1 0 318
35 44 95 1 0 318
29 47 74 4 0 318
29 47 74 1 1 318
20 48 100 3 0 318
30 38 75 6 0 318
30 38 75 1 1 318
44 68 86 2 0 318
33 52 72 5 0 318
33 52 72 1 1 318
25 52 112 8 0 318
25 52 112 1 1 318
40 48 109 4 0 318
40 48 109 1 1 318
42 74 83 4 0 318
40 93 101 1 0 318
31 66 76 4 0 318
31 66 76 1 1 318
33 28
31 66 68 4 0 300
26 34 120 4 0 300
60 76 95 4 0 300
34 47 61 4 0 300
34 47 61 1 1 300
36 45 53 4 0 300
36 45 53 1 1 300
42 52 80 5 0 300
42 52 80 1 1 300
28 63 109 3 0 300
35 64 74 7 0 300
35 64 74 1 1 300
36 40 53 7 0 300
36 40 53 1 1 300
59 96 102 4 0 300
47 60 64 4 0 300
32 90 99 3 0 300
43 50 76 2 0 300
25 75 90 5 0 300
25 75 90 1 1 300
37 65 94 7 0 300
37 65 94 1 1 300
28 34 117 3 0 300
24 28 39 2 0 300
42 60 92 2 0 300
49 78 102 4 0 300
49 78 102 1 1 300
46 69 82 4 0 300
34 28
33 92 113 4 0 228
28 37 52 1 0 228
29 33 57 2 0 228
30 37 99 6 0 228
30 37 99 1 1 228
33 64 92 2 0 228
39 59 119 8 0 228
39 59 119 1 1 228
49 52 54 4 0 228
49 52 54 1 1 228
35 45 75 5 0 228
35 45 75 1 1 228
44 68 79 5 0 228
44 68 79 1 1 228
47 49 116 4 0 228
23 44 83 2 0 228
56 96 98 6 0 228
56 96 98 1 1 228
57 72 78 1 0 228
47 88 98 3 0 228
31 33 41 5 0 228
31 33 41 1 1 228
34 35 59 2 0 228
37 78 83 6 0 228
37 78 83 1 1 228
33 34 68 3 0 228
49 69 103 2 0 228
32 53 97 4 0 228
35 25
20 54 114 5 0 142
20 54 114 1 1 142
50 87 92 2 0 142
26 43 114 4 0 142
42 69 93 1 0 142
64 79 80 6 0 142
64 79 80 1 1 142
29 80 99 4 0 142
47 54 60 2 0 142
32 53 54 2 0 142
49 66 67 1 0 142
21 30 65 4 0 142
21 30 65 1 1 142
29 63 110 5 0 142
29 63 110 1 1 142
27 60 75 4 0 142
40 71 95 4 0 142
40 71 95 1 1 142
67 74 92 3 0 142
38 43 55 6 0 142
38 43 55 1 1 142
31 32 105 3 0 142
46 81 90 3 0 142
38 60 90 3 0 142
22 42 77 2 0 142
36 18
55 60 110 3 0 272
71 78 80 4 0 272
50 75 110 3 0 272
40 72 100 2 0 272
32 60 103 1 0 272
49 60 70 4 0 272
62 72 80 2 0 272
67 74 120 4 0 272
48 54 57 3 0 272
53 55 62 1 0 272
36 73 83 2 0 272
40 64 75 4 0 272
31 80 98 2 0 272
44 49 56 2 0 272
26 28 74 1 0 272
52 67 68 2 0 272
27 96 116 1 0 272
45 65 92 3 0 272
37 22
33 92 113 1 0 237
29 33 57 3 0 237
30 37 99 3 0 237
33 64 92 4 0 237
39 59 119 4 0 237
39 59 119 1 1 237
49 52 54 2 0 237
35 45 75 1 0 237
44 68 79 4 0 237
47 49 116 5 0 237
47 49 116 1 1 237
23 44 83 4 0 237
23 44 83 1 1 237
56 96 98 3 0 237
57 72 78 3 0 237
47 88 98 3 0 237
34 35 59 2 0 237
37 78 83 2 0 237
33 34 68 4 0 237
49 69 103 4 0 237
49 69 103 1 1 237
32 53 97 3 0 237
38 23
45 54 91 4 0 380
72 77 105 1 0 380
48 78 79 4 0 380
48 78 79 1 1 380
59 76 109 4 0 380
27 37 44 6 0 380
27 37 44 1 1 380
54 76 79 3 0 380
20 78 116 2 0 380
49 71 101 2 0 380
49 100 102 5 0 380
49 100 102 1 1 380
22 43 105 3 0 380
61 84 107 4 0 380
23 71 110 4 0 380
34 39 75 1 0 380
32 47 73 3 0 380
25 60 60 4 0 380
31 33 43 1 0 380
57 74 100 6 0 380
57 74 100 1 1 380
41 47 93 1 0 380
28 33 45 1 0 380
39 25
26 45 60 3 0 235
39 43 71 1 0 235
64 71 99 3 0 235
40 41 61 1 0 235
43 79 83 3 0 235
35 52 63 4 0 235
20 33 54 2 0 235
51 57 62 2 0 235
71 76 79 2 0 235
48 81 91 2 0 235
23 70 95 3 0 235
42 57 101 4 0 235
61 76 119 6 0 235
61 76 119 1 1 235
22 54 78 3 0 235
25 68 93 5 0 235
25 68 93 1 1 235
27 94 104 4 0 235
27 94 104 1 1 235
36 65 66 3 0 235
48 66 68 4 0 235
48 66 68 1 1 235
21 46 100 4 0 235
30 81 106 4 0 235
30 81 106 1 1 235
40 24
47 49 78 2 0 507
43 45 46 4 0 507
36 44 98 3 0 507
31 89 100 6 0 507
31 89 100 1 1 507
47 76 108 3 0 507
28 36 75 2 0 507
56 82 108 1 0 507
24 41 45 4 0 507
24 41 45 1 1 507
38 48 103 4 0 507
38 48 103 1 1 507
46 62 74 4 0 507
44 56 96 2 0 507
42 64 117 1 0 507
50 71 73 5 0 507
50 71 73 1 1 507
47 48 61 2 0 507
27 49 91 4 0 507
28 77 78 2 0 507
34 78 119 1 0 507
63 78 106 4 0 507
62 68 82 3 0 507
53 73 100 4 0 507
41 18
55 60 110 1 0 357
71 78 80 4 0 357
50 75 110 2 0 357
40 72 100 3 0 357
32 60 103 1 0 357
49 60 70 2 0 357
62 72 80 3 0 357
67 74 120 3 0 357
48 54 57 4 0 357
53 55 62 2 0 357
36 73 83 1 0 357
40 64 75 1 0 357
52 100 112 2 0 357
26 28 74 1 0 357
52 67 68 4 0 357
27 96 116 4 0 357
27 96 116 1 1 357
45 65 92 3 0 357
42 23
32 45 87 4 0 159
46 63 84 3 0 159
44 67 84 2 0 159
30 55 76 3 0 159
61 78 87 2 0 159
53 77 115 2 0 159
62 91 93 3 0 159
40 41 48 4 0 159
40 41 48 1 1 159
53 82 92 3 0 159
54 69 102 4 0 159
60 71 90 2 0 159
42 43 66 3 0 159
52 58 73 3 0 159
26 66 66 5 0 159
26 66 66 1 1 159
28 40 91 4 0 159
33 34 72 7 0 159
33 34 72 1 1 159
74 98 120 5 0 159
74 98 120 1 1 159
43 56 68 5 0 159
43 56 68 1 1 159
43 27
25 36 52 3 0 225
21 37 63 3 0 225
36 61 100 3 0 225
36 52 79 3 0 225
36 63 99 5 0 225
36 63 99 1 1 225
30 49 97 4 0 225
30 49 97 1 1 225
55 69 90 4 0 225
28 33 91 8 0 225
28 33 91 1 1 225
41 76 111 2 0 225
35 44 95 3 0 225
29 47 74 2 0 225
20 48 100 2 0 225
30 38 75 4 0 225
44 68 86 4 0 225
44 68 86 1 1 225
33 52 72 3 0 225
25 52 112 4 0 225
25 52 112 1 1 225
40 48 109 4 0 225
42 74 83 3 0 225
40 93 101 4 0 225
40 93 101 1 1 225
31 66 76 5 0 225
31 66 76 1 1 225
44 29
38 41 119 4 0 184
35 44 90 1 0 184
27 55 67 4 0 184
36 47 71 3 0 184
51 55 90 4 0 184
51 55 90 1 1 184
40 68 87 4 0 184
36 53 87 4 0 184
34 47 113 5 0 184
34 47 113 1 1 184
35 56 97 5 0 184
35 56 97 1 1 184
25 60 90 2 0 184
70 75 88 4 0 184
51 64 111 4 0 184
51 64 111 1 1 184
31 77 105 5 0 184
31 77 105 1 1 184
29 33 91 3 0 184
31 34 53 8 0 184
31 34 53 2 1 184
34 40 73 6 0 184
34 40 73 1 1 184
44 56 84 2 0 184
29 81 113 3 0 184
51 53 89 7 0 184
51 53 89 1 1 184
26 30 62 4 0 184
26 30 62 1 1 184
45 25
34 41 90 1 0 328
28 32 64 4 0 328
28 32 64 1 1 328
31 31 42 3 0 328
44 90 94 4 0 328
53 63 68 3 0 328
21 30 55 4 0 328
31 64 72 4 0 328
31 64 72 1 1 328
34 56 75 6 0 328
34 56 75 1 1 328
31 34 62 2 0 328
32 55 79 4 0 328
32 55 79 1 1 328
27 74 99 1 0 328
48 54 89 3 0 328
32 78 93 2 0 328
59 80 119 4 0 328
42 72 80 4 0 328
42 72 80 1 1 328
27 47 111 3 0 328
49 72 73 1 0 328
32 87 115 1 0 328
61 66 100 4 0 328
23 61 80 1 0 328
46 28
49 63 70 2 0 310
49 54 84 4 0 310
42 70 89 5 0 310
42 70 89 1 1 310
39 48 80 2 0 310
42 47 114 7 0 310
42 47 114 1 1 310
34 62 92 5 0 310
34 62 92 1 1 310
43 66 72 2 0 310
25 62 106 1 0 310
34 53 72 4 0 310
34 53 72 1 1 310
35 44 74 3 0 310
28 71 103 4 0 310
31 35 115 6 0 310
31 35 115 1 1 310
39 62 117 6 0 310
39 62 117 1 1 310
32 32 60 8 0 310
32 32 60 1 1 310
39 80 86 4 0 310
42 70 71 4 0 310
32 58 87 3 0 310
29 44 97 4 0 310
29 44 97 1 1 310
30 61 95 4 0 310
30 61 95 1 1 310
47 20
32 60 74 4 0 365
32 60 74 1 1 365
43 50 100 4 0 365
43 50 100 1 1 365
42 74 95 2 0 365
30 70 95 3 0 365
24 37 45 2 0 365
35 51 55 2 0 365
61 71 76 2 0 365
51 88 119 3 0 365
26 81 98 3 0 365
61 69 86 4 0 365
41 52 54 1 0 365
41 61 89 2 0 365
71 81 82 1 0 365
49 53 97 4 0 365
35 72 74 5 0 365
35 72 74 1 1 365
47 77 83 3 0 365
45 48 80 4 0 365
48 28
26 39 41 5 0 253
26 39 41 1 1 253
34 40 110 5 0 253
34 40 110 1 1 253
52 77 94 1 0 253
71 96 119 3 0 253
47 63 67 4 0 253
31 43 61 4 0 253
35 53 72 4 0 253
38 38 64 2 0 253
45 71 110 4 0 253
45 71 110 1 1 253
52 71 73 1 0 253
55 92 95 3 0 253
31 74 86 1 0 253
52 62 99 4 0 253
31 44 81 8 0 253
31 44 81 1 1 253
70 94 113 4 0 253
70 94 113 1 1 253
28 100 109 4 0 253
28 100 109 1 1 253
30 34 63 4 0 253
30 34 63 1 1 253
28 43 111 5 0 253
28 43 111 1 1 253
28 35 48 4 0 253
38 53 97 1 0 253
49 25
23 68 99 3 0 78
40 52 68 3 0 78
61 66 101 5 0 78
61 66 101 1 1 78
22 56 57 3 0 78
47 54 81 2 0 78
25 34 86 4 0 78
27 46 54 2 0 78
34 65 95 5 0 78
34 65 95 1 1 78
29 57 105 1 0 78
28 63 120 3 0 78
42 62 64 4 0 78
42 62 64 1 1 78
21 65 78 6 0 78
21 65 78 1 1 78
45 94 98 2 0 78
26 58 94 2 0 78
51 81 113 4 0 78
51 81 113 1 1 78
76 80 83 2 0 78
53 64 86 1 0 78
33 44 68 1 0 78
31 40 52 2 0 78
38 67 95 4 0 78
50 25
39 40 43 4 0 360
39 40 43 1 1 360
40 76 97 2 0 360
47 63 67 1 0 360
38 57 98 4 0 360
38 57 98 1 1 360
27 71 73 4 0 360
27 71 73 1 1 360
41 56 66 2 0 360
72 75 82 4 0 360
43 71 93 3 0 360
28 35 95 3 0 360
68 72 88 4 0 360
68 72 88 1 1 360
35 85 88 2 0 360
69 83 100 4 0 360
27 30 74 3 0 360
61 64 82 2 0 360
32 38 63 2 0 360
70 97 108 4 0 360
70 97 108 1 1 360
53 72 87 2 0 360
24 75 107 1 0 360
30 31 101 2 0 360
23 56 86 3 0 360
51 27
34 41 90 4 0 151
34 41 90 1 1 151
28 32 64 4 0 151
28 32 64 1 1 151
31 31 42 5 0 151
31 31 42 1 1 151
44 90 94 4 0 151
44 90 94 1 1 151
53 63 68 4 0 151
21 30 55 2 0 151
31 64 72 3 0 151
34 56 75 3 0 151
31 34 62 4 0 151
32 55 79 1 0 151
27 74 99 4 0 151
48 54 89 3 0 151
32 78 93 1 0 151
59 80 119 3 0 151
42 72 80 2 0 151
27 47 111 8 0 151
27 47 111 2 1 151
49 72 73 2 0 151
32 87 115 4 0 151
32 87 115 1 1 151
61 66 100 1 0 151
23 61 80 8 0 151
23 61 80 2 1 151
52 26
68 95 96 4 0 237
68 95 96 1 1 237
35 61 69 6 0 237
35 61 69 1 1 237
55 70 107 6 0 237
55 70 107 1 1 237
34 85 92 3 0 237
31 60 96 4 0 237
38 38 66 4 0 237
38 38 66 1 1 237
36 57 63 3 0 237
31 31 51 4 0 237
44 75 100 3 0 237
53 66 78 4 0 237
29 32 33 4 0 237
45 72 81 2 0 237
38 57 88 3 0 237
21 34 52 7 0 237
21 34 52 1 1 237
31 69 112 4 0 237
57 59 63 3 0 237
48 65 76 5 0 237
48 65 76 1 1 237
46 60 92 1 0 237
52 55 118 3 0 237
22 93 96 1 0 237
53 22
40 60 100 3 0 343
34 67 89 4 0 343
38 80 92 1 0 343
24 81 90 4 0 343
38 52 84 3 0 343
46 54 77 3 0 343
33 49 90 2 0 343
27 45 78 3 0 343
28 57 76 4 0 343
27 38 102 4 0 343
39 45 55 1 0 343
29 78 115 4 0 343
53 58 98 1 0 343
20 57 61 4 0 343
78 92 94 4 0 343
78 92 94 1 1 343
42 58 114 4 0 343
42 58 114 1 1 343
27 67 98 3 0 343
45 79 85 6 0 343
45 79 85 1 1 343
22 49 111 3 0 343
54 25
69 79 86 3 0 231
31 46 53 2 0 231
37 51 96 4 0 231
54 55 119 3 0 231
37 74 77 3 0 231
24 73 96 3 0 231
54 67 75 1 0 231
61 71 88 4 0 231
46 93 120 4 0 231
69 70 104 1 0 231
61 69 72 3 0 231
43 51 68 1 0 231
53 71 118 1 0 231
54 57 78 4 0 231
54 57 78 1 1 231
22 67 72 3 0 231
34 82 84 4 0 231
34 82 84 1 1 231
33 72 74 6 0 231
33 72 74 1 1 231
36 37 48 3 0 231
36 57 69 6 0 231
36 57 69 1 1 231
59 68 109 5 0 231
59 68 109 1 1 231
55 23
57 58 91 3 0 116
53 78 92 2 0 116
28 48 112 2 0 116
26 47 78 2 0 116
28 40 41 4 0 116
28 40 41 1 1 116
32 47 57 3 0 116
40 47 54 3 0 116
25 80 85 3 0 116
54 86 89 2 0 116
68 94 118 2 0 116
36 63 98 3 0 116
38 42 81 3 0 116
39 59 86 1 0 116
40 67 91 5 0 116
40 67 91 1 1 116
41 61 73 3 0 116
57 59 67 2 0 116
33 75 84 5 0 116
33 75 84 1 1 116
70 88 96 4 0 116
30 44 67 2 0 116
64 76 82 3 0 116
56 26
27 37 78 4 0 376
25 70 89 1 0 376
41 84 90 5 0 376
41 84 90 1 1 376
42 75 85 4 0 376
44 77 91 1 0 376
71 87 114 3 0 376
25 37 90 4 0 376
25 37 90 1 1 376
77 80 105 6 0 376
77 80 105 1 1 376
50 71 74 5 0 376
50 71 74 1 1 376
55 57 62 5 0 376
55 57 62 1 1 376
26 45 89 1 0 376
47 54 65 1 0 376
28 62 79 2 0 376
35 40 84 5 0 376
35 40 84 1 1 376
42 44 55 2 0 376
29 30 115 4 0 376
25 60 93 4 0 376
50 83 96 3 0 376
62 75 86 2 0 376
36 60 76 1 0 376
57 21
26 42 64 1 0 237
52 58 92 3 0 237
21 85 92 4 0 237
21 85 92 1 1 237
33 49 90 2 0 237
34 48 54 4 0 237
45 62 95 4 0 237
45 62 95 1 1 237
46 49 72 2 0 237
25 42 56 4 0 237
26 34 64 4 0 237
54 90 113 3 0 237
42 52 113 2 0 237
38 86 94 2 0 237
68 80 81 2 0 237
55 79 87 4 0 237
45 52 81 3 0 237
25 57 92 3 0 237
33 40 100 4 0 237
40 93 113 4 0 237
22 65 74 2 0 237
58 27
20 69 101 7 0 262
20 69 101 1 1 262
54 66 108 4 0 262
33 62 74 4 0 262
33 61 69 7 0 262
33 61 69 1 1 262
31 64 71 4 0 262
31 64 71 1 1 262
30 32 38 4 0 262
37 47 108 1 0 262
36 41 100 2 0 262
39 79 99 5 0 262
39 79 99 1 1 262
22 55 83 1 0 262
36 49 99 4 0 262
22 56 83 6 0 262
22 56 83 1 1 262
44 52 66 4 0 262
44 52 66 1 1 262
29 69 120 1 0 262
50 90 101 4 0 262
50 90 101 1 1 262
39 54 58 4 0 262
58 64 88 3 0 262
46 52 82 2 0 262
53 63 63 2 0 262
60 67 82 4 0 262
59 24
35 54 75 4 0 369
49 60 107 1 0 369
42 67 70 3 0 369
44 71 78 4 0 369
27 61 78 2 0 369
48 73 78 2 0 369
32 87 109 3 0 369
25 87 91 6 0 369
25 87 91 1 1 369
47 51 67 3 0 369
60 63 67 4 0 369
60 63 67 1 1 369
34 59 115 1 0 369
34 35 102 3 0 369
48 54 117 5 0 369
48 54 117 1 1 369
40 61 70 4 0 369
40 61 70 1 1 369
59 63 64 3 0 369
63 87 95 2 0 369
23 92 113 4 0 369
63 75 99 2 0 369
46 55 56 4 0 369
46 55 56 1 1 369
60 21
32 60 74 2 0 232
43 50 100 3 0 232
42 74 95 2 0 232
24 37 45 1 0 232
25 60 67 1 0 232
35 51 55 5 0 232
35 51 55 1 1 232
51 88 119 5 0 232
51 88 119 1 1 232
26 81 98 3 0 232
61 69 86 4 0 232
30 54 117 2 0 232
24 40 96 4 0 232
41 52 54 4 0 232
41 61 89 2 0 232
71 81 82 1 0 232
49 53 97 3 0 232
35 72 74 5 0 232
35 72 74 1 1 232
47 77 83 2 0 232
45 48 80 4 0 232
61 19
28 34 119 1 0 326
48 69 84 2 0 326
78 82 97 3 0 326
33 43 109 3 0 326
47 75 80 3 0 326
30 62 74 4 0 326
31 35 40 1 0 326
26 43 58 1 0 326
71 73 111 3 0 326
43 66 95 3 0 326
28 82 96 1 0 326
66 73 84 4 0 326
58 91 108 1 0 326
25 81 96 2 0 326
31 35 42 4 0 326
30 54 75 4 0 326
33 50 117 1 0 326
49 68 115 4 0 326
60 66 105 1 0 326
62 27
61 63 74 3 0 219
25 60 71 2 0 219
59 80 106 4 0 219
42 76 109 2 0 219
22 56 118 4 0 219
22 56 118 1 1 219
43 67 105 5 0 219
43 67 105 1 1 219
37 65 72 8 0 219
37 65 72 2 1 219
54 59 84 4 0 219
54 59 84 1 1 219
26 69 91 3 0 219
28 31 69 4 0 219
37 67 76 3 0 219
25 39 48 5 0 219
25 39 48 1 1 219
66 79 91 3 0 219
42 63 72 2 0 219
60 74 74 4 0 219
20 78 85 4 0 219
20 78 85 1 1 219
32 32 52 4 0 219
32 32 52 1 1 219
54 63 83 4 0 219
26 32 71 3 0 219
30 53 65 3 0 219
63 25
31 48 68 2 0 183
63 80 104 2 0 183
21 46 82 3 0 183
60 78 114 3 0 183
66 74 90 2 0 183
36 54 112 1 0 183
54 64 71 1 0 183
33 53 74 4 0 183
33 53 74 1 1 183
57 62 75 3 0 183
52 62 68 4 0 183
52 62 68 1 1 183
47 49 64 3 0 183
36 39 60 1 0 183
35 45 55 3 0 183
31 35 59 4 0 183
34 47 104 1 0 183
38 74 81 1 0 183
45 77 101 4 0 183
45 77 101 1 1 183
36 55 116 4 0 183
36 55 116 1 1 183
47 71 77 6 0 183
47 71 77 1 1 183
38 73 90 3 0 183
64 25
29 80 113 4 0 444
29 80 113 1 1 444
62 65 98 2 0 444
46 59 60 1 0 444
64 97 100 4 0 444
23 88 99 2 0 444
33 49 106 3 0 444
30 54 78 2 0 444
41 68 71 4 0 444
41 68 71 1 1 444
35 80 83 3 0 444
27 55 99 2 0 444
43 51 91 5 0 444
43 51 91 1 1 444
72 78 99 3 0 444
37 88 102 1 0 444
72 75 97 4 0 444
27 63 83 5 0 444
27 63 83 1 1 444
36 38 78 3 0 444
55 88 120 2 0 444
38 72 77 3 0 444
25 38 45 1 0 444
23 48 73 4 0 444
23 48 73 1 1 444
65 28
24 81 101 3 0 101
29 72 94 4 0 101
47 72 79 5 0 101
47 72 79 1 1 101
35 36 90 5 0 101
35 36 90 1 1 101
40 51 68 5 0 101
40 51 68 1 1 101
35 45 48 4 0 101
69 84 108 2 0 101
31 45 91 2 0 101
62 80 84 2 0 101
41 71 77 9 0 101
41 71 77 2 1 101
42 78 91 3 0 101
60 80 82 2 0 101
26 42 89 5 0 101
26 42 89 1 1 101
30 41 45 3 0 101
29 51 79 4 0 101
29 51 79 1 1 101
20 53 56 1 0 101
39 78 117 5 0 101
39 78 117 1 1 101
42 78 84 2 0 101
46 66 118 4 0 101
30 42 116 9 0 101
30 42 116 2 1 101
66 22
64 68 109 3 0 685
55 58 84 1 0 685
24 83 96 3 0 685
70 73 107 4 0 685
70 73 107 1 1 685
54 73 80 2 0 685
33 41 72 2 0 685
74 79 84 3 0 685
20 37 40 4 0 685
20 37 40 1 1 685
42 73 74 4 0 685
33 48 55 1 0 685
70 74 109 5 0 685
70 74 109 1 1 685
39 44 107 1 0 685
47 51 99 2 0 685
37 43 46 1 0 685
36 69 94 4 0 685
36 69 94 1 1 685
48 64 98 4 0 685
70 91 99 2 0 685
52 76 113 4 0 685
67 24
57 58 91 2 0 500
53 78 92 4 0 500
53 78 92 1 1 500
28 48 112 1 0 500
26 47 78 3 0 500
28 40 41 5 0 500
28 40 41 1 1 500
32 47 57 3 0 500
40 47 54 1 0 500
25 80 85 4 0 500
54 86 89 1 0 500
68 94 118 5 0 500
68 94 118 1 1 500
36 63 98 2 0 500
38 42 81 4 0 500
39 59 86 2 0 500
40 67 91 5 0 500
40 67 91 1 1 500
41 61 73 3 0 500
57 59 67 2 0 500
33 75 84 3 0 500
70 88 96 2 0 500
30 44 67 1 0 500
64 76 82 3 0 500
68 24
50 74 76 6 0 153
50 74 76 1 1 153
29 40 86 4 0 153
29 40 86 1 1 153
48 55 66 4 0 153
48 55 66 1 1 153
37 57 75 2 0 153
29 83 102 4 0 153
52 58 74 2 0 153
36 65 89 1 0 153
67 68 99 3 0 153
66 78 80 4 0 153
45 57 65 4 0 153
30 59 112 5 0 153
30 59 112 1 1 153
68 75 79 2 0 153
30 48 97 4 0 153
31 70 73 1 0 153
44 83 90 1 0 153
64 93 101 4 0 153
64 93 101 1 1 153
78 82 89 3 0 153
26 54 85 3 0 153
68 71 78 3 0 153
69 25
35 49 72 3 0 114
47 66 75 2 0 114
22 30 78 2 0 114
79 79 119 3 0 114
62 65 76 6 0 114
62 65 76 1 1 114
65 81 119 2 0 114
36 77 91 4 0 114
36 77 91 1 1 114
27 89 113 4 0 114
27 89 113 1 1 114
44 59 98 3 0 114
43 55 76 4 0 114
31 51 58 3 0 114
25 40 94 5 0 114
25 40 94 1 1 114
43 66 89 2 0 114
50 55 119 2 0 114
34 43 70 2 0 114
56 71 76 3 0 114
40 58 80 4 0 114
40 58 80 1 1 114
46 57 79 3 0 114
61 68 70 4 0 114
39 46 93 4 0 114
70 24
40 73 85 2 0 161
54 62 73 3 0 161
41 63 90 3 0 161
24 61 75 3 0 161
44 53 57 5 0 161
44 53 57 1 1 161
45 70 93 2 0 161
33 36 73 4 0 161
75 80 95 4 0 161
75 80 95 1 1 161
78 89 93 3 0 161
65 87 113 4 0 161
30 46 72 2 0 161
70 78 100 4 0 161
70 78 100 1 1 161
34 47 53 3 0 161
46 54 87 3 0 161
37 41 52 5 0 161
37 41 52 1 1 161
33 76 79 3 0 161
65 77 77 3 0 161
27 59 65 4 0 161
31 42 54 1 0 161
44 45 87 3 0 161
71 26
57 58 91 7 0 41
57 58 91 1 1 41
53 78 92 3 0 41
28 48 112 4 0 41
28 48 112 1 1 41
26 47 78 4 0 41
26 47 78 1 1 41
28 40 41 3 0 41
32 47 57 1 0 41
40 47 54 4 0 41
25 80 85 5 0 41
25 80 85 1 1 41
54 86 89 2 0 41
68 94 118 2 0 41
36 63 98 3 0 41
38 42 81 3 0 41
39 59 86 4 0 41
40 67 91 2 0 41
41 61 73 2 0 41
57 59 67 3 0 41
33 75 84 6 0 41
33 75 84 1 1 41
70 88 96 5 0 41
70 88 96 1 1 41
30 44 67 2 0 41
64 76 82 2 0 41
72 27
24 81 101 6 0 12
24 81 101 1 1 12
29 72 94 4 0 12
47 72 79 5 0 12
47 72 79 1 1 12
35 36 90 5 0 12
35 36 90 1 1 12
40 51 68 3 0 12
35 45 48 4 0 12
35 45 48 1 1 12
69 84 108 4 0 12
31 45 91 4 0 12
62 80 84 2 0 12
41 71 77 2 0 12
42 78 91 6 0 12
42 78 91 1 1 12
60 80 82 2 0 12
26 42 89 4 0 12
30 41 45 4 0 12
30 41 45 1 1 12
29 51 79 4 0 12
29 51 79 1 1 12
20 53 56 3 0 12
39 78 117 3 0 12
42 78 84 4 0 12
30 42 116 6 0 12
30 42 116 1 1 12
73 20
47 66 118 1 0 125
25 56 99 4 0 125
48 83 91 2 0 125
40 66 104 4 0 125
33 60 75 4 0 125
33 60 75 1 1 125
60 78 113 1 0 125
40 48 56 2 0 125
22 40 67 2 0 125
64 78 92 1 0 125
31 61 73 4 0 125
58 66 72 4 0 125
26 44 56 2 0 125
34 65 93 3 0 125
50 63 113 2 0 125
31 34 35 1 0 125
80 99 100 4 0 125
80 99 100 1 1 125
20 69 105 1 0 125
38 60 77 4 0 125
74 25
58 72 78 4 0 147
57 57 107 3 0 147
37 64 72 5 0 147
37 64 72 1 1 147
26 66 93 1 0 147
35 67 116 2 0 147
39 56 101 4 0 147
39 56 101 1 1 147
39 100 108 3 0 147
33 55 64 2 0 147
53 65 73 4 0 147
35 41 106 2 0 147
28 78 82 3 0 147
58 59 79 1 0 147
22 84 92 4 0 147
22 84 92 1 1 147
50 65 80 4 0 147
24 77 82 1 0 147
51 73 74 5 0 147
51 73 74 1 1 147
40 43 90 3 0 147
51 70 98 3 0 147
30 32 69 4 0 147
53 69 107 5 0 147
53 69 107 1 1 147
75 21
33 52 91 3 0 370
63 81 87 6 0 370
63 81 87 1 1 370
45 79 113 2 0 370
45 52 114 3 0 370
66 90 110 1 0 370
31 41 81 2 0 370
57 82 118 2 0 370
30 60 96 4 0 370
36 42 43 1 0 370
77 78 93 4 0 370
25 62 85 3 0 370
30 83 93 1 0 370
56 72 112 5 0 370
56 72 112 1 1 370
31 39 49 3 0 370
38 67 100 5 0 370
38 67 100 1 1 370
41 59 76 2 0 370
59 64 114 3 0 370
34 68 91 1 0 370
// node 1 node 2 distance
0	1	25.5
0	2	14.6
0	3	19.6
0	4	7.1
0	5	25.0
0	6	9.2
0	7	14.1
0	8	15.8
0	9	23.6
0	10	26.0
0	11	29.2
0	12	12.1
0	13	22.6
0	14	27.8
0	15	27.2
0	16	19.4
0	17	8.1
0	18	34.9
0	19	23.4
0	20	36.8
0	21	27.3
0	22	30.4
0	23	31.4
0	24	33.1
0	25	33.2
0	26	6.1
0	27	16.2
0	28	24.5
0	29	18.4
0	30	14.3
0	31	37.1
0	32	22.2
0	33	17.8
0	34	10.0
0	35	18.0
0	36	33.1
0	37	32.0
0	38	26.9
0	39	22.4
0	40	14.1
0	41	36.2
0	42	36.1
0	43	31.9
0	44	20.6
0	45	14.1
0	46	11.2
0	47	26.9
0	48	20.6
0	49	28.1
0	50	29.7
0	51	11.0
0	52	14.1
0	53	22.7
0	54	27.0
0	55	42.4
0	56	37.2
0	57	28.2
0	58	20.0
0	59	38.4
0	60	43.3
0	61	34.2
0	62	22.4
0	63	22.4
0	64	43.0
0	65	31.6
0	66	36.2
0	67	5.4
0	68	7.3
0	69	37.4
0	70	41.2
0	71	39.8
0	72	20.6
0	73	20.6
0	74	20.0
0	75	3.0
1	2	14.6
1	3	23.0
1	4	26.4
1	5	33.1
1	6	16.3
1	7	39.6
1	8	40.2
1	9	37.2
1	10	47.5
1	11	54.2
1	12	31.8
1	13	42.1
1	14	53.2
1	15	40.0
1	16	14.0
1	17	24.6
1	18	36.4
1	19	47.7
1	20	44.7
1	21	23.8
1	22	9.8
1	23	12.5
1	24	25.8
1	25	42.3
1	26	30.6
1	27	35.1
1	28	14.3
1	29	30.3
1	30	21.4
1	31	54.7
1	32	31.0
1	33	8.1
1	34	33.3
1	35	43.3
1	36	34.2
1	37	38.6
1	38	50.6
1	39	38.8
1	40	29.1
1	41	11.2
1	42	10.6
1	43	6.7
1	44	26.0
1	45	29.1
1	46	35.2
1	47	28.9
1	48	26.0
1	49	18.9
1	50	34.7
1	51	18.4
1	52	35.8
1	53	48.1
1	54	48.8
1	55	49.5
1	56	16.3
1	57	43.3
1	58	42.0
1	59	63.8
1	60	45.7
1	61	21.3
1	62	8.2
1	63	8.2
1	64	18.4
1	65	55.6
1	66	61.0
1	67	30.5
1	68	19.4
1	69	33.3
1	70	46.2
1	71	40.7
1	72	40.2
1	73	5.4
1	74	18.1
1	75	23.4
2	3	24.2
2	4	12.7
2	5	19.9
2	6	8.5
2	7	27.8
2	8	26.9
2	9	34.5
2	10	40.2
2	11	43.4
2	12	25.0
2	13	27.5
2	14	40.5
2	15	26.1
2	16	18.0
2	17	18.2
2	18	40.4
2	19	34.1
2	20	32.3
2	21	15.3
2	22	16.4
2	23	25.1
2	24	33.6
2	25	42.5
2	26	20.6
2	27	20.6
2	28	10.0
2	29	16.0
2	30	7.0
2	31	50.2
2	32	30.4
2	33	10.4
2	34	19.8
2	35	30.6
2	36	24.1
2	37	26.4
2	38	41.5
2	39	34.5
2	40	24.7
2	41	25.6
2	42	24.2
2	43	21.2
2	44	26.6
2	45	14.6
2	46	21.9
2	47	17.8
2	48	13.0
2	49	26.8
2	50	36.6
2	51	14.8
2	52	21.6
2	53	36.4
2	54	34.4
2	55	51.1
2	56	30.0
2	57	29.0
2	58	34.2
2	59	51.0
2	60	35.6
2	61	20.0
2	62	8.5
2	63	16.5
2	64	29.7
2	65	46.2
2	66	50.6
2	67	18.4
2	68	7.3
2	69	26.1
2	70	35.0
2	71	31.1
2	72	34.0
2	73	9.2
2	74	7.2
2	75	11.7
3	4	26.0
3	5	42.2
3	6	16.3
3	7	29.4
3	8	34.0
3	9	14.9
3	10	28.3
3	11	39.4
3	12	15.2
3	13	42.2
3	14	42.7
3	15	46.1
3	16	9.0
3	17	12.0
3	18	16.3
3	19	41.1
3	20	54.6
3	21	39.4
3	22	32.4
3	23	19.7
3	24	14.1
3	25	19.4
3	26	20.0
3	27	35.7
3	28	32.2
3	29	36.4
3	30	29.1
3	31	32.6
3	32	8.1
3	33	16.8
3	34	29.4
3	35	34.4
3	36	48.1
3	37	49.2
3	38	33.4
3	39	17.5
3	40	10.3
3	41	29.4
3	42	31.6
3	43	26.5
3	44	3.0
3	45	32.6
3	46	30.1
3	47	41.7
3	48	36.1
3	49	11.4
3	50	12.5
3	51	10.0
3	52	33.7
3	53	36.1
3	54	46.2
3	55	27.3
3	56	25.0
3	57	47.5
3	58	24.2
3	59	52.6
3	60	59.4
3	61	41.8
3	62	26.6
3	63	15.0
3	64	40.4
3	65	38.3
3	66	45.0
3	67	24.2
3	68	20.8
3	69	50.2
3	70	58.3
3	71	55.2
3	72	20.5
3	73	21.8
3	74	31.4
3	75	20.6
4	5	18.0
4	6	12.0
4	7	15.8
4	8	14.1
4	9	30.6
4	10	31.4
4	11	31.6
4	12	18.9
4	13	17.0
4	14	27.8
4	15	20.2
4	16	24.0
4	17	15.0
4	18	41.7
4	19	21.4
4	20	29.7
4	21	22.0
4	22	29.1
4	23	34.7
4	24	38.8
4	25	40.3
4	26	11.7
4	27	10.0
4	28	21.5
4	29	11.4
4	30	9.2
4	31	43.3
4	32	29.2
4	33	19.9
4	34	7.1
4	35	18.0
4	36	26.6
4	37	25.0
4	38	31.1
4	39	29.2
4	40	21.2
4	41	37.6
4	42	36.6
4	43	33.1
4	44	27.3
4	45	7.1
4	46	9.2
4	47	20.6
4	48	14.3
4	49	33.1
4	50	36.6
4	51	16.5
4	52	9.5
4	53	24.2
4	54	22.8
4	55	49.5
4	56	40.3
4	57	21.5
4	58	25.5
4	59	38.3
4	60	36.4
4	61	30.4
4	62	21.2
4	63	25.5
4	64	42.4
4	65	35.4
4	66	38.9
4	67	7.0
4	68	7.3
4	69	31.4
4	70	34.2
4	71	33.1
4	72	26.9
4	73	21.1
4	74	15.8
4	75	5.4
5	6	26.1
5	7	30.4
5	8	25.0
5	9	48.6
5	10	48.4
5	11	45.0
5	12	36.9
5	13	16.6
5	14	37.7
5	15	8.1
5	16	37.6
5	17	32.6
5	18	58.4
5	19	28.9
5	20	12.5
5	21	13.0
5	22	29.8
5	23	44.7
5	24	53.2
5	25	58.1
5	26	29.5
5	27	14.0
5	28	20.4
5	29	6.7
5	30	13.4
5	31	60.9
5	32	46.7
5	33	30.4
5	34	20.6
5	35	30.0
5	36	10.0
5	37	7.1
5	38	46.7
5	39	47.2
5	40	39.1
5	41	43.1
5	42	40.4
5	43	39.0
5	44	44.0
5	45	11.2
5	46	22.4
5	47	7.1
5	48	7.1
5	49	46.6
5	50	53.8
5	51	32.2
5	52	18.0
5	53	37.0
5	54	24.2
5	55	67.3
5	56	49.3
5	57	12.2
5	58	42.7
5	59	46.5
5	60	18.4
5	61	23.6
5	62	25.0
5	63	36.4
5	64	42.7
5	65	50.2
5	66	52.0
5	67	24.2
5	68	21.4
5	69	16.8
5	70	16.3
5	71	15.5
5	72	44.7
5	73	28.3
5	74	15.0
5	75	22.7
6	7	23.3
6	8	24.6
6	9	26.0
6	10	32.8
6	11	38.0
6	12	17.1
6	13	29.0
6	14	37.0
6	15	30.7
6	16	12.2
6	17	10.0
6	18	32.6
6	19	32.2
6	20	38.6
6	21	23.7
6	22	22.1
6	23	22.8
6	24	27.5
6	25	34.0
6	26	14.4
6	27	22.0
6	28	18.1
6	29	20.6
6	30	12.8
6	31	42.0
6	32	22.0
6	33	8.6
6	34	18.0
6	35	27.2
6	36	31.9
6	37	33.0
6	38	34.9
6	39	26.2
6	40	16.3
6	41	27.0
6	42	26.9
6	43	22.7
6	44	18.4
6	45	17.5
6	46	19.7
6	47	25.5
6	48	19.8
6	49	21.4
6	50	28.4
6	51	6.4
6	52	21.4
6	53	31.8
6	54	34.7
6	55	42.7
6	56	28.5
6	57	32.8
6	58	26.9
6	59	47.6
6	60	43.1
6	61	28.2
6	62	14.3
6	63	13.6
6	64	34.1
6	65	39.8
6	66	44.9
6	67	14.4
6	68	5.1
6	69	34.5
6	70	42.0
6	71	38.9
6	72	26.1
6	73	11.7
6	74	15.7
6	75	7.6
7	8	7.1
7	9	25.6
7	10	18.9
7	11	15.8
7	12	15.0
7	13	19.2
7	14	13.9
7	15	28.6
7	16	32.2
7	17	18.0
7	18	41.4
7	19	12.2
7	20	39.4
7	21	37.5
7	22	44.1
7	23	44.8
7	24	43.6
7	25	35.8
7	26	9.8
7	27	16.8
7	28	37.2
7	29	24.1
7	30	25.0
7	31	32.2
7	32	28.2
7	33	31.9
7	34	10.0
7	35	5.0
7	36	40.2
7	37	36.4
7	38	16.3
7	39	22.4
7	40	20.0
7	41	50.3
7	42	50.2
7	43	46.0
7	44	29.1
7	45	20.0
7	46	8.1
7	47	35.0
7	48	29.1
7	49	39.8
7	50	35.5
7	51	23.7
7	52	12.6
7	53	8.6
7	54	19.2
7	55	44.7
7	56	50.6
7	57	27.5
7	58	14.1
7	59	24.4
7	60	48.1
7	61	46.2
7	62	36.1
7	63	36.1
7	64	57.0
7	65	20.0
7	66	23.1
7	67	9.4
7	68	20.8
7	69	46.0
7	70	44.9
7	71	45.9
7	72	18.0
7	73	34.7
7	74	31.6
7	75	16.4
8	9	32.2
8	10	25.8
8	11	20.0
8	12	20.9
8	13	12.2
8	14	13.9
8	15	22.1
8	16	35.2
8	17	22.0
8	18	47.3
8	19	7.6
8	20	32.9
8	21	33.8
8	22	43.2
8	23	47.2
8	24	48.0
8	25	42.5
8	26	14.0
8	27	11.0
8	28	35.2
8	29	19.2
8	30	22.5
8	31	39.2
8	32	34.0
8	33	33.1
8	34	7.1
8	35	5.0
8	36	35.0
8	37	30.4
8	38	22.5
8	39	29.2
8	40	25.5
8	41	51.3
8	42	50.6
8	43	46.9
8	44	34.1
8	45	15.8
8	46	5.0
8	47	30.4
8	48	25.0
8	49	43.6
8	50	41.5
8	51	26.7
8	52	7.1
8	53	12.0
8	54	12.6
8	55	51.5
8	56	52.9
8	57	20.6
8	58	21.2
8	59	24.2
8	60	42.0
8	61	43.4
8	62	35.4
8	63	38.1
8	64	56.6
8	65	25.5
8	66	27.1
8	67	10.4
8	68	20.8
8	69	41.3
8	70	38.6
8	71	40.2
8	72	25.0
8	73	35.0
8	74	29.2
8	75	17.0
9	10	15.7
9	11	29.6
9	12	12.0
9	13	43.3
9	14	36.1
9	15	50.2
9	16	23.5
9	17	16.6
9	18	17.3
9	19	37.6
9	20	60.2
9	21	49.4
9	22	46.0
9	23	34.4
9	24	24.8
9	25	10.3
9	26	19.8
9	27	38.3
9	28	43.9
9	29	42.0
9	30	37.1
9	31	17.7
9	32	7.2
9	33	30.0
9	34	30.6
9	35	30.4
9	36	56.4
9	37	55.6
9	38	22.1
9	39	4.1
9	40	9.8
9	41	44.3
9	42	46.3
9	43	41.2
9	44	12.1
9	45	37.6
9	46	30.2
9	47	50.1
9	48	43.9
9	49	25.2
9	50	11.4
9	51	20.2
9	52	35.0
9	53	29.1
9	54	44.8
9	55	19.4
9	56	39.4
9	57	50.4
9	58	14.0
9	59	44.3
9	60	66.9
9	61	53.9
9	62	39.2
9	63	29.6
9	64	55.1
9	65	26.4
9	66	33.6
9	67	25.5
9	68	28.6
9	69	60.0
9	70	64.8
9	71	63.3
9	72	9.1
9	73	35.0
9	74	41.4
9	75	26.1
10	11	15.0
10	12	15.8
10	13	38.0
10	14	23.8
10	15	47.4
10	16	35.5
10	17	23.1
10	18	32.6
10	19	28.4
10	20	58.1
10	21	53.2
10	22	54.8
10	23	47.8
10	24	40.2
10	25	23.1
10	26	20.0
10	27	35.3
10	28	50.2
10	29	41.8
10	30	40.1
10	31	13.5
10	32	22.2
10	33	39.6
10	34	27.9
10	35	21.9
10	36	57.7
10	37	54.8
10	38	7.0
10	39	11.7
10	40	18.9
10	41	56.4
10	42	57.7
10	43	52.8
10	44	26.2
10	45	37.4
10	46	26.4
10	47	52.0
10	48	45.7
10	49	39.6
10	50	26.9
10	51	29.2
10	52	31.3
10	53	17.5
10	54	36.8
10	55	30.3
10	56	53.3
10	57	46.3
10	58	6.0
10	59	30.1
10	60	66.5
10	61	60.1
10	62	47.1
10	63	41.2
10	64	65.9
10	65	10.8
10	66	18.0
10	67	24.5
10	68	33.1
10	69	62.8
10	70	63.6
10	71	63.9
10	72	7.8
10	73	44.0
10	74	46.0
10	75	29.0
11	12	24.4
11	13	30.8
11	14	10.6
11	15	41.6
11	16	44.7
11	17	30.4
11	18	46.9
11	19	18.4
11	20	52.2
11	21	53.2
11	22	59.5
11	23	57.5
11	24	52.8
11	25	38.0
11	26	23.6
11	27	31.0
11	28	52.9
11	29	39.1
11	30	40.8
11	31	26.4
11	32	35.1
11	33	46.2
11	34	25.5
11	35	15.0
11	36	55.0
11	37	50.2
11	38	8.1
11	39	25.5
11	40	29.2
11	41	64.4
11	42	64.8
11	43	60.3
11	44	38.0
11	45	35.4
11	46	23.3
11	47	50.2
11	48	44.6
11	49	50.8
11	50	41.0
11	51	36.8
11	52	27.0
11	53	8.0
11	54	26.8
11	55	45.3
11	56	63.3
11	57	39.3
11	58	15.8
11	59	15.0
11	60	61.7
11	61	62.0
11	62	51.5
11	63	49.5
11	64	72.1
11	65	7.1
11	66	7.3
11	67	25.1
11	68	36.2
11	69	61.2
11	70	58.1
11	71	60.1
11	72	20.6
11	73	49.6
11	74	47.4
11	75	31.8
12	13	31.4
12	14	27.7
12	15	38.2
12	16	20.5
12	17	7.3
12	18	26.5
12	19	27.2
12	20	48.3
12	21	39.1
12	22	39.1
12	23	33.2
12	24	29.1
12	25	22.2
12	26	7.8
12	27	26.2
12	28	35.0
12	29	30.2
12	30	26.2
12	31	25.3
12	32	13.2
12	33	23.8
12	34	18.6
12	35	20.0
12	36	45.2
12	37	43.8
12	38	19.2
12	39	10.3
12	40	5.1
12	41	41.0
12	42	42.1
12	43	37.2
12	44	14.3
12	45	25.8
12	46	18.4
12	47	39.0
12	48	32.7
12	49	26.4
12	50	20.6
12	51	13.4
12	52	23.0
12	53	20.9
12	54	33.5
12	55	31.4
12	56	38.9
12	57	38.4
12	58	10.3
12	59	37.3
12	60	55.2
12	61	45.0
12	62	31.4
12	63	25.8
12	64	50.2
12	65	24.2
12	66	30.4
12	67	13.5
12	68	18.2
12	69	49.3
12	70	53.0
12	71	51.9
12	72	9.0
12	73	28.2
12	74	31.4
12	75	14.9
13	14	22.0
13	15	11.0
13	16	41.0
13	17	30.4
13	18	57.0
13	19	13.0
13	20	21.4
13	21	28.4
13	22	42.2
13	23	51.5
13	24	55.6
13	25	53.5
13	26	23.7
13	27	7.1
13	28	33.0
13	29	13.5
13	30	21.0
13	31	51.4
13	32	43.9
13	33	36.5
13	34	13.0
13	35	16.6
13	36	26.2
13	37	20.1
13	38	34.4
13	39	40.6
13	40	35.3
13	41	53.1
13	42	51.5
13	43	48.7
13	44	43.0
13	45	13.0
13	46	13.0
13	47	23.3
13	48	19.8
13	49	50.1
13	50	51.5
13	51	33.2
13	52	8.5
13	53	23.1
13	54	7.8
13	55	62.7
13	56	56.9
13	57	8.5
13	58	33.3
13	59	30.1
13	60	31.1
13	61	38.9
13	62	35.3
13	63	42.3
13	64	55.8
13	65	37.0
13	66	37.3
13	67	18.4
13	68	24.1
13	69	33.2
13	70	27.3
13	71	30.1
13	72	36.8
13	73	36.7
13	74	26.6
13	75	22.1
14	15	33.0
14	16	46.1
14	17	31.8
14	18	53.0
14	19	9.0
14	20	43.2
14	21	47.5
14	22	56.9
14	23	58.7
14	24	56.8
14	25	45.5
14	26	23.7
14	27	24.0
14	28	49.1
14	29	32.6
14	30	36.4
14	31	36.4
14	32	40.2
14	33	45.6
14	34	20.8
14	35	9.9
14	36	47.7
14	37	42.0
14	38	17.5
14	39	32.1
14	40	32.8
14	41	64.0
14	42	63.7
14	43	59.7
14	44	42.0
14	45	29.5
14	46	18.6
14	47	43.7
14	48	38.6
14	49	53.5
14	50	47.0
14	51	37.6
14	52	20.6
14	53	7.0
14	54	16.8
14	55	53.6
14	56	64.5
14	57	30.1
14	58	22.2
14	59	10.6
14	60	53.0
14	61	57.2
14	62	48.9
14	63	49.9
14	64	70.1
14	65	17.7
14	66	15.8
14	67	22.7
14	68	33.9
14	69	54.3
14	70	49.2
14	71	52.1
14	72	27.2
14	73	48.1
14	74	43.0
14	75	29.7
15	16	42.7
15	17	35.2
15	18	61.9
15	19	24.0
15	20	10.8
15	21	21.1
15	22	37.6
15	23	51.2
15	24	58.2
15	25	60.2
15	26	30.4
15	27	12.2
15	28	28.2
15	29	10.2
15	30	19.1
15	31	60.5
15	32	49.4
15	33	36.3
15	34	20.0
15	35	26.9
15	36	16.1
15	37	9.2
15	38	44.6
15	39	48.2
15	40	41.2
15	41	50.5
15	42	48.1
15	43	46.3
15	44	47.5
15	45	13.4
15	46	21.1
15	47	15.0
15	48	14.3
15	49	51.9
15	50	56.9
15	51	36.2
15	52	16.1
15	53	33.7
15	54	17.7
15	55	69.4
15	56	56.0
15	57	4.2
15	58	42.2
15	59	40.8
15	60	20.1
15	61	31.6
15	62	32.2
15	63	42.4
15	64	50.7
15	65	47.5
15	66	48.3
15	67	24.8
15	68	25.6
15	69	23.3
15	70	16.5
15	71	19.2
15	72	45.0
15	73	35.0
15	74	22.4
15	75	25.6
16	17	14.4
16	18	23.3
16	19	42.7
16	20	50.1
16	21	32.5
16	22	23.5
16	23	12.8
16	24	15.7
16	25	28.3
16	26	22.4
16	27	34.1
16	28	24.4
16	29	32.6
16	30	24.2
16	31	41.2
16	32	17.0
16	33	8.6
16	34	29.3
16	35	36.8
16	36	42.0
16	37	44.3
16	38	39.7
16	39	25.6
16	40	16.6
16	41	21.0
16	42	22.8
16	43	17.7
16	44	12.0
16	45	29.6
16	46	30.6
16	47	35.8
16	48	30.9
16	49	9.2
16	50	20.9
16	51	8.5
16	52	33.1
16	53	40.0
16	54	46.3
16	55	35.7
16	56	18.6
16	57	44.9
16	58	30.6
16	59	56.4
16	60	53.6
16	61	33.5
16	62	18.4
16	63	6.1
16	64	31.6
16	65	44.7
16	66	50.9
16	67	24.7
16	68	17.3
16	69	43.2
16	70	53.0
16	71	49.0
16	72	27.8
16	73	13.4
16	74	24.8
16	75	19.0
17	18	26.8
17	19	29.3
17	20	44.6
17	21	32.9
17	22	31.8
17	23	27.2
17	24	26.0
17	25	25.6
17	26	8.2
17	27	24.2
17	28	28.1
17	29	26.2
17	30	20.6
17	31	32.1
17	32	14.2
17	33	16.6
17	34	17.5
17	35	22.8
17	36	40.0
17	37	39.6
17	38	26.1
17	39	16.3
17	40	6.7
17	41	34.2
17	42	35.0
17	43	30.2
17	44	12.6
17	45	22.0
17	46	18.1
17	47	33.6
17	48	27.5
17	49	21.8
17	50	21.6
17	51	6.4
17	52	21.8
17	53	25.6
17	54	34.1
17	55	34.7
17	56	33.0
17	57	36.2
17	58	17.5
17	59	42.1
17	60	50.6
17	61	38.1
17	62	24.2
17	63	19.1
17	64	43.0
17	65	31.1
17	66	36.9
17	67	12.2
17	68	12.1
17	69	43.5
17	70	48.8
17	71	46.9
17	72	16.1
17	73	20.9
17	74	25.0
17	75	9.9
18	19	53.6
18	20	70.8
18	21	55.4
18	22	46.2
18	23	28.1
18	24	13.2
18	25	11.3
18	26	33.5
18	27	51.0
18	28	47.7
18	29	52.4
18	30	45.3
18	31	29.7
18	32	13.3
18	33	31.9
18	34	44.0
18	35	46.4
18	36	64.4
18	37	65.4
18	38	39.3
18	39	21.4
18	40	21.8
18	41	39.1
18	42	42.4
18	43	37.7
18	44	14.4
18	45	48.5
18	46	44.3
18	47	58.0
18	48	52.4
18	49	18.2
18	50	6.0
18	51	26.2
18	52	48.5
18	53	46.0
18	54	59.9
18	55	14.0
18	56	31.1
18	57	63.1
18	58	31.3
18	59	61.5
18	60	75.7
18	61	56.8
18	62	41.7
18	63	28.2
18	64	51.4
18	65	43.3
18	66	50.6
18	67	38.6
18	68	37.0
18	69	66.2
18	70	74.5
18	71	71.4
18	72	26.3
18	73	36.7
18	74	47.5
18	75	36.4
19	20	34.2
19	21	39.4
19	22	50.2
19	23	54.8
19	24	55.2
19	25	47.8
19	26	21.1
19	27	15.7
19	28	41.9
19	29	24.2
19	30	29.1
19	31	41.8
19	32	40.3
19	33	40.7
19	34	14.4
19	35	7.3
19	36	38.8
19	37	33.1
19	38	23.4
19	39	34.2
19	40	32.1
19	41	58.8
19	42	58.0
19	43	54.4
19	44	41.0
19	45	21.6
19	46	12.5
19	47	35.1
19	48	30.4
19	49	51.0
19	50	47.7
19	51	34.2
19	52	12.8
19	53	11.4
19	54	8.6
19	55	56.5
19	56	60.5
19	57	21.2
19	58	25.1
19	59	17.9
19	60	44.0
19	61	49.4
19	62	42.5
19	63	45.7
19	64	63.7
19	65	25.1
19	66	24.5
19	67	18.0
19	68	28.3
19	69	45.6
19	70	40.2
19	71	43.1
19	72	29.5
19	73	42.4
19	74	35.6
19	75	24.6
20	21	22.0
20	22	40.0
20	23	56.8
20	24	65.7
20	25	70.0
20	26	40.6
20	27	22.8
20	28	31.1
20	29	18.4
20	30	25.9
20	31	71.2
20	32	58.8
20	33	42.7
20	34	30.5
20	35	37.6
20	36	12.6
20	37	6.1
20	38	55.4
20	39	58.4
20	40	50.9
20	41	54.1
20	42	51.0
20	43	50.2
20	44	56.4
20	45	22.6
20	46	31.8
20	47	16.0
20	48	19.3
20	49	59.1
20	50	66.1
20	51	44.7
20	52	26.8
20	53	44.4
20	54	27.0
20	55	79.2
20	56	61.0
20	57	13.0
20	58	52.8
20	59	50.2
20	60	10.2
20	61	31.0
20	62	36.5
20	63	48.7
20	64	51.8
20	65	58.2
20	66	58.7
20	67	35.0
20	68	33.8
20	69	18.9
20	70	6.0
20	71	11.4
20	72	55.5
20	73	40.3
20	74	26.7
20	75	34.7
21	22	18.0
21	23	36.2
21	24	47.6
21	25	57.7
21	26	33.1
21	27	23.7
21	28	9.5
21	29	15.3
21	30	13.0
21	31	64.3
21	32	45.7
21	33	24.1
21	34	27.7
21	35	38.6
21	36	10.4
21	37	16.1
21	38	53.1
21	39	49.0
21	40	39.6
21	41	32.2
21	42	29.0
21	43	28.6
21	44	41.9
21	45	18.0
21	46	29.8
21	47	6.3
21	48	8.9
21	49	40.6
21	50	51.9
21	51	30.0
21	52	26.9
21	53	45.4
21	54	36.2
21	55	66.4
21	56	39.8
21	57	25.2
21	58	47.2
21	59	57.2
21	60	21.9
21	61	10.6
21	62	15.7
21	63	29.4
21	64	30.1
21	65	57.3
21	66	60.4
21	67	29.0
21	68	20.9
21	69	10.8
21	70	22.6
21	71	17.0
21	72	47.9
21	73	20.2
21	74	8.1
21	75	24.3
22	23	21.2
22	24	35.5
22	25	51.8
22	26	36.2
22	27	35.8
22	28	9.5
22	29	29.1
22	30	21.4
22	31	63.2
22	32	40.2
22	33	16.0
22	34	36.1
22	35	47.0
22	36	28.2
22	37	34.1
22	38	57.0
22	39	47.2
22	40	37.2
22	41	14.6
22	42	11.0
22	43	11.7
22	44	35.4
22	45	29.4
22	46	38.3
22	47	24.1
22	48	23.4
22	49	28.7
22	50	44.4
22	51	26.2
22	52	37.5
22	53	52.7
22	54	49.6
22	55	59.2
22	56	23.3
22	57	41.4
22	58	49.0
22	59	67.4
22	60	39.1
22	61	12.2
22	62	8.1
22	63	18.0
22	64	13.6
22	65	61.8
22	66	66.6
22	67	34.7
22	68	23.3
22	69	25.6
22	70	40.3
22	71	34.0
22	72	47.9
22	73	11.0
22	74	15.7
22	75	27.8
23	24	15.5
23	25	36.5
23	26	35.0
23	27	44.4
23	28	26.8
23	29	41.0
23	30	32.1
23	31	52.0
23	32	27.3
23	33	15.0
23	34	40.8
23	35	49.2
23	36	46.6
23	37	50.7
23	38	52.3
23	39	37.2
23	40	29.1
23	41	11.0
23	42	14.6
23	43	10.3
23	44	22.4
23	45	39.1
23	46	42.4
23	47	41.1
23	48	37.7
23	49	10.0
23	50	28.3
23	51	21.1
23	52	44.1
23	53	52.7
23	54	57.5
23	55	42.0
23	56	5.8
23	57	54.0
23	58	43.2
23	59	69.1
23	60	58.2
23	61	33.3
23	62	20.6
23	63	9.2
23	64	23.3
23	65	57.3
23	66	63.7
23	67	36.8
23	68	27.5
23	69	45.8
23	70	58.5
23	71	53.2
23	72	40.0
23	73	16.5
23	74	30.1
23	75	30.4
24	25	23.3
24	26	34.1
24	27	48.8
24	28	38.9
24	29	48.1
24	30	39.8
24	31	40.8
24	32	18.0
24	33	23.6
24	34	43.1
24	35	48.5
24	36	57.4
24	37	59.9
24	38	46.1
24	39	28.6
24	40	24.0
24	41	26.5
24	42	30.1
24	43	25.6
24	44	14.9
24	45	44.9
24	46	44.0
24	47	51.3
24	48	46.5
24	49	7.1
24	50	15.3
24	51	22.4
24	52	47.3
24	53	50.0
24	54	60.0
24	55	27.2
24	56	18.0
24	57	60.2
24	58	37.1
24	59	66.4
24	60	69.1
24	61	47.0
24	62	32.5
24	63	18.4
24	64	38.8
24	65	50.8
24	66	57.8
24	67	38.0
24	68	32.6
24	69	58.1
24	70	68.6
24	71	64.4
24	72	32.8
24	73	27.6
24	74	40.2
24	75	33.5
25	26	30.0
25	27	48.4
25	28	51.3
25	29	51.7
25	30	46.0
25	31	18.4
25	32	12.1
25	33	36.1
25	34	40.8
25	35	40.5
25	36	65.5
25	37	65.2
25	38	30.1
25	39	13.6
25	40	19.1
25	41	47.3
25	42	50.0
25	43	45.0
25	44	16.5
25	45	47.4
25	46	40.5
25	47	59.1
25	48	53.0
25	49	26.5
25	50	8.2
25	51	27.7
25	52	45.2
25	53	38.6
25	54	55.0
25	55	9.2
25	56	40.5
25	57	60.6
25	58	23.3
25	59	53.0
25	60	76.2
25	61	61.0
25	62	45.9
25	63	34.1
25	64	59.0
25	65	33.5
25	66	40.8
25	67	35.6
25	68	37.4
25	69	68.5
25	70	74.4
25	71	72.4
25	72	18.4
25	73	41.2
25	74	49.6
25	75	35.5
26	27	18.4
26	28	30.6
26	29	22.8
26	30	20.1
26	31	31.6
26	32	20.2
26	33	22.7
26	34	10.8
26	35	14.6
26	36	38.3
26	37	36.4
26	38	20.9
26	39	17.8
26	40	11.7
26	41	41.0
26	42	41.2
26	43	36.8
26	44	20.1
26	45	18.4
26	46	10.8
26	47	32.3
26	48	26.0
26	49	30.1
26	50	27.9
26	51	13.9
26	52	15.3
26	53	17.8
26	54	26.5
26	55	39.2
26	56	40.8
26	57	30.6
26	58	14.0
26	59	34.1
26	60	47.9
26	61	40.3
26	62	28.2
26	63	26.4
26	64	48.5
26	65	25.6
26	66	30.5
26	67	5.7
26	68	13.3
26	69	43.0
26	70	45.5
26	71	44.8
26	72	15.2
26	73	26.1
26	74	26.0
26	75	9.1
27	28	26.9
27	29	8.5
27	30	14.4
27	31	48.4
27	32	38.1
27	33	29.4
27	34	7.8
27	35	16.0
27	36	24.0
27	37	19.6
27	38	33.0
27	39	36.1
27	40	29.7
27	41	46.2
27	42	44.7
27	43	41.8
27	44	36.8
27	45	6.4
27	46	8.9
27	47	19.6
27	48	14.8
27	49	43.2
27	50	45.7
27	51	26.5
27	52	4.1
27	53	23.0
27	54	13.9
27	55	57.6
27	56	49.8
27	57	12.2
27	58	30.0
27	59	33.5
27	60	31.3
27	61	33.8
27	62	28.7
27	63	35.2
27	64	49.4
27	65	36.3
27	66	38.1
27	67	12.8
27	68	17.0
27	69	30.4
27	70	28.2
27	71	29.3
27	72	32.8
27	73	29.7
27	74	20.5
27	75	15.3
28	29	19.7
28	30	12.8
28	31	60.1
28	32	39.2
28	33	15.8
28	34	28.3
28	35	39.4
28	36	19.9
28	37	25.0
28	38	51.4
28	39	44.3
28	40	34.4
28	41	23.0
28	42	20.1
28	43	19.2
28	44	34.9
28	45	20.5
28	46	30.5
28	47	15.0
28	48	13.9
28	49	31.8
28	50	44.7
28	51	23.8
28	52	29.1
28	53	45.6
28	54	40.6
28	55	59.5
28	56	30.4
28	57	32.0
28	58	44.3
28	59	59.4
28	60	31.4
28	61	10.0
28	62	6.4
28	63	20.5
28	64	22.8
28	65	56.0
28	66	60.2
28	67	27.9
28	68	17.3
28	69	19.2
28	70	32.0
28	71	26.4
28	72	44.0
28	73	11.3
28	74	6.4
28	75	21.6
29	30	9.0
29	31	54.2
29	32	40.4
29	33	26.2
29	34	14.1
29	35	24.2
29	36	16.1
29	37	13.6
29	38	40.3
29	39	40.5
29	40	32.6
29	41	41.0
29	42	38.9
29	43	36.7
29	44	38.0
29	45	4.5
29	46	16.0
29	47	11.2
29	48	6.4
29	49	41.8
29	50	47.6
29	51	26.4
29	52	12.2
29	53	31.1
29	54	21.2
29	55	60.8
29	56	46.0
29	57	13.0
29	58	36.1
29	59	42.0
29	60	25.1
29	61	25.6
29	62	22.8
29	63	32.2
29	64	42.5
29	65	44.0
29	66	46.3
29	67	17.5
29	68	15.7
29	69	22.1
29	70	22.8
29	71	22.1
29	72	38.0
29	73	25.1
29	74	13.4
29	75	16.3
30	31	51.4
30	32	34.2
30	33	17.3
30	34	15.7
30	35	26.8
30	36	19.4
30	37	20.2
30	38	40.2
30	39	36.4
30	40	27.3
30	41	32.3
30	42	30.5
30	43	27.9
30	44	31.1
30	45	8.1
30	46	17.9
30	47	13.0
30	48	7.1
30	49	33.2
30	50	41.0
30	51	19.1
30	52	16.3
30	53	33.2
30	54	28.3
30	55	55.0
30	56	37.0
30	57	22.0
30	58	34.1
30	59	46.6
30	60	30.4
30	61	21.2
30	62	14.3
30	63	23.3
30	64	35.0
30	65	44.6
30	66	48.1
30	67	16.1
30	68	8.6
30	69	23.1
30	70	29.2
30	71	26.4
30	72	34.9
30	73	16.1
30	74	6.7
30	75	11.4
31	32	24.7
31	33	47.3
31	34	40.7
31	35	35.4
31	36	69.9
31	37	67.5
31	38	18.9
31	39	16.0
31	40	26.0
31	41	62.0
31	42	64.0
31	43	58.9
31	44	29.7
31	45	49.8
31	46	39.4
31	47	63.9
31	48	57.6
31	49	42.5
31	50	25.6
31	51	37.1
31	52	44.4
31	53	30.6
31	54	50.2
31	55	21.8
31	56	56.8
31	57	59.6
31	58	18.4
31	59	40.8
31	60	79.2
31	61	70.2
31	62	56.0
31	63	47.3
31	64	72.8
31	65	19.9
31	66	26.3
31	67	36.8
31	68	43.6
31	69	74.5
31	70	76.5
31	71	76.3
31	72	16.5
31	73	52.2
31	74	56.7
31	75	40.0
32	33	24.3
32	34	30.9
32	35	33.1
32	36	53.6
32	37	53.7
32	38	28.2
32	39	10.6
32	40	8.5
32	41	37.4
32	42	39.6
32	43	34.5
32	44	5.1
32	45	36.2
32	46	31.0
32	47	47.2
32	48	41.2
32	49	18.0
32	50	7.6
32	51	15.7
32	52	35.3
32	53	33.2
32	54	46.6
32	55	20.8
32	56	32.2
32	57	50.2
32	58	19.3
32	59	49.2
32	60	64.5
32	61	49.0
32	62	34.0
32	63	23.1
32	64	48.5
32	65	32.8
32	66	39.8
32	67	25.5
32	68	25.6
32	69	56.4
32	70	62.9
32	71	60.6
32	72	14.8
32	73	29.4
32	74	37.6
32	75	24.1
33	34	26.4
33	35	35.8
33	36	33.8
33	37	36.8
33	38	42.5
33	39	31.3
33	40	21.4
33	41	18.4
33	42	18.6
33	43	14.1
33	44	19.6
33	45	24.0
33	46	28.2
33	47	27.8
33	48	23.4
33	49	16.6
33	50	29.2
33	51	10.4
33	52	29.4
33	53	40.3
33	54	42.7
33	55	44.0
33	56	20.4
33	57	39.1
33	58	34.0
33	59	56.2
33	60	45.5
33	61	25.1
33	62	9.8
33	63	6.1
33	64	26.4
33	65	47.5
33	66	53.0
33	67	23.0
33	68	12.6
33	69	34.7
33	70	45.2
33	71	40.8
33	72	32.3
33	73	5.1
33	74	16.6
33	75	16.1
34	35	11.2
34	36	30.3
34	37	26.9
34	38	26.2
34	39	28.3
34	40	22.4
34	41	44.4
34	42	43.6
34	43	40.0
34	44	30.1
34	45	10.0
34	46	2.2
34	47	25.0
34	48	19.1
34	49	38.1
34	50	38.5
34	51	21.0
34	52	4.5
34	53	17.7
34	54	17.0
34	55	50.0
34	56	46.5
34	57	19.8
34	58	22.4
34	59	31.2
34	60	38.6
34	61	36.8
34	62	28.3
34	63	31.6
34	64	49.5
34	65	30.0
34	66	32.8
34	67	5.4
34	68	13.9
34	69	36.0
34	70	35.8
34	71	36.1
34	72	25.0
34	73	28.0
34	74	22.4
34	75	10.4
35	36	40.0
35	37	35.4
35	38	17.9
35	39	26.9
35	40	25.0
35	41	54.2
35	42	53.8
35	43	49.8
35	44	34.1
35	45	20.6
35	46	8.9
35	47	35.4
35	48	29.8
35	49	44.6
35	50	40.4
35	51	28.2
35	52	12.0
35	53	7.0
35	54	15.0
35	55	49.2
35	56	55.0
35	57	25.1
35	58	18.0
35	59	20.5
35	60	46.9
35	61	47.9
35	62	39.1
35	63	40.3
35	64	60.2
35	65	20.6
35	66	22.1
35	67	12.8
35	68	24.0
35	69	46.3
35	70	43.4
35	71	45.2
35	72	22.4
35	73	38.2
35	74	33.5
35	75	19.8
36	37	7.8
36	38	56.4
36	39	55.5
36	40	46.6
36	41	42.6
36	42	39.2
36	43	39.1
36	44	50.3
36	45	20.4
36	46	32.1
36	47	6.4
36	48	12.5
36	49	50.5
36	50	60.3
36	51	38.3
36	52	28.0
36	53	47.0
36	54	33.6
36	55	74.4
36	56	50.3
36	57	20.2
36	58	51.9
36	59	56.3
36	60	11.7
36	61	18.4
36	62	26.0
36	63	39.4
36	64	39.3
36	65	60.1
36	66	62.1
36	67	33.2
36	68	28.0
36	69	7.2
36	70	12.2
36	71	7.1
36	72	53.5
36	73	30.4
36	74	17.2
36	75	30.4
37	38	52.6
37	39	54.1
37	40	46.1
37	41	48.0
37	42	45.0
37	43	44.2
37	44	51.1
37	45	18.0
37	46	28.5
37	47	10.0
37	48	13.4
37	49	53.2
37	50	60.9
37	51	39.2
37	52	23.8
37	53	42.3
37	54	26.9
37	55	74.3
37	56	54.9
37	57	13.0
37	58	49.2
37	59	50.0
37	60	11.7
37	61	25.6
37	62	30.4
37	63	42.7
37	64	46.1
37	65	55.9
37	66	57.1
37	67	30.9
37	68	28.4
37	69	14.9
37	70	9.2
37	71	10.0
37	72	51.5
37	73	34.2
37	74	20.6
37	75	29.7
38	39	18.0
38	40	23.3
38	41	60.2
38	42	61.1
38	43	56.3
38	44	31.6
38	45	36.1
38	46	24.3
38	47	51.1
38	48	45.0
38	49	44.8
38	50	33.5
38	51	32.4
38	52	28.9
38	53	12.0
38	54	32.0
38	55	37.2
38	56	58.0
38	57	43.0
38	58	9.2
38	59	23.1
38	60	64.3
38	61	61.0
38	62	49.0
38	63	45.0
38	64	68.9
38	65	5.0
38	66	11.7
38	67	24.1
38	68	34.2
38	69	62.1
38	70	61.0
38	71	62.2
38	72	13.4
38	73	46.5
38	74	46.5
38	75	29.8
39	40	10.0
39	41	46.6
39	42	48.4
39	43	43.3
39	44	15.0
39	45	36.1
39	46	27.7
39	47	49.2
39	48	43.0
39	49	28.4
39	50	15.5
39	51	21.0
39	52	32.6
39	53	25.2
39	54	41.6
39	55	22.4
39	56	42.4
39	57	48.1
39	58	10.0
39	59	40.2
39	60	65.5
39	61	54.3
39	62	40.0
39	63	31.6
39	64	57.0
39	65	22.4
39	66	29.5
39	67	23.4
39	68	28.2
39	69	59.5
39	70	63.2
39	71	62.2
39	72	5.0
39	73	36.1
39	74	41.2
39	75	25.1
40	41	37.6
40	42	39.0
40	43	34.0
40	44	9.2
40	45	28.3
40	46	22.5
40	47	40.3
40	48	34.1
40	49	21.6
40	50	16.2
40	51	11.0
40	52	26.8
40	53	26.0
40	54	38.1
40	55	28.3
40	56	34.7
40	57	41.9
40	58	14.1
40	59	42.4
40	60	57.2
40	61	44.4
40	62	30.0
40	63	22.4
40	64	47.4
40	65	28.3
40	66	34.8
40	67	17.0
40	68	18.8
40	69	50.2
40	70	55.3
40	71	53.5
40	72	11.2
40	73	26.2
40	74	31.6
40	75	16.4
41	42	4.2
41	43	4.5
41	44	32.3
41	45	40.2
41	46	46.3
41	47	38.1
41	48	36.2
41	49	21.0
41	50	39.1
41	51	27.8
41	52	47.0
41	53	58.7
41	54	60.0
41	55	53.0
41	56	10.0
41	57	53.9
41	58	51.3
41	59	74.7
41	60	53.6
41	61	26.4
41	62	18.2
41	63	15.3
41	64	12.4
41	65	65.2
41	66	71.1
41	67	41.4
41	68	30.5
41	69	40.2
41	70	54.7
41	71	48.5
41	72	48.8
41	73	16.6
41	74	28.2
41	75	34.4
42	43	5.1
42	44	34.5
42	45	38.5
42	46	45.6
42	47	35.0
42	48	33.7
42	49	24.2
42	50	42.0
42	51	28.7
42	52	45.8
42	53	58.7
42	54	58.6
42	55	56.2
42	56	14.2
42	57	51.7
42	58	52.4
42	59	74.3
42	60	50.0
42	61	22.5
42	62	16.2
42	63	16.8
42	64	9.0
42	65	66.0
42	66	71.6
42	67	41.0
42	68	29.8
42	69	36.4
42	70	51.4
42	71	44.9
42	72	50.2
42	73	15.6
42	74	25.7
42	75	34.0
43	44	29.4
43	45	35.7
43	46	41.9
43	47	34.2
43	48	32.1
43	49	19.4
43	50	37.0
43	51	23.9
43	52	42.5
43	53	54.5
43	54	55.5
43	55	51.4
43	56	11.7
43	57	49.6
43	58	47.5
43	59	70.3
43	60	50.3
43	61	23.9
43	62	14.0
43	63	11.7
43	64	14.0
43	65	61.3
43	66	67.0
43	67	37.0
43	68	26.1
43	69	37.2
43	70	51.2
43	71	45.2
43	72	45.2
43	73	12.1
43	74	24.0
43	75	30.0
44	45	34.1
44	46	30.6
44	47	43.9
44	48	38.2
44	49	13.5
44	50	10.0
44	51	12.0
44	52	34.5
44	53	35.2
44	54	46.5
44	55	24.6
44	56	27.5
44	57	48.8
44	58	22.5
44	59	51.5
44	60	61.5
44	61	44.6
44	62	29.4
44	63	18.0
44	64	43.4
44	65	36.4
44	66	43.3
44	67	24.7
44	68	22.7
44	69	52.7
44	70	60.2
44	71	57.4
44	72	18.4
44	73	24.7
44	74	33.8
44	75	22.0
45	46	12.0
45	47	15.0
45	48	9.2
45	49	38.8
45	50	43.6
45	51	22.8
45	52	8.9
45	53	27.5
45	54	20.2
45	55	56.6
45	56	44.3
45	57	15.3
45	58	31.6
45	59	39.4
45	60	29.5
45	61	27.8
45	62	22.4
45	63	30.0
45	64	43.0
45	65	40.0
45	66	42.6
45	67	13.0
45	68	12.4
45	69	26.0
45	70	27.2
45	71	26.6
45	72	33.5
45	73	23.8
45	74	14.1
45	75	12.2
46	47	27.0
46	48	21.2
46	49	39.2
46	50	38.6
46	51	22.2
46	52	5.0
46	53	15.5
46	54	16.0
46	55	49.6
46	56	48.1
46	57	20.5
46	58	21.1
46	59	29.1
46	60	40.2
46	61	39.0
46	62	30.4
46	63	33.2
46	64	51.6
46	65	28.0
46	66	30.6
46	67	6.0
46	68	15.8
46	69	38.0
46	70	37.2
46	71	37.9
46	72	24.1
46	73	30.0
46	74	24.6
46	75	12.1
47	48	6.3
47	49	44.4
47	50	53.9
47	51	31.9
47	52	23.3
47	53	42.3
47	54	31.1
47	55	68.0
47	56	45.1
47	57	19.2
47	58	46.1
47	59	52.9
47	60	17.8
47	61	16.6
47	62	20.6
47	63	33.5
47	64	36.4
47	65	55.0
47	66	57.4
47	67	27.5
47	68	21.6
47	69	11.0
47	70	17.5
47	71	13.5
47	72	47.4
47	73	24.7
47	74	11.2
47	75	24.2
48	49	39.8
48	50	48.1
48	51	26.2
48	52	18.0
48	53	36.7
48	54	27.6
48	55	62.0
48	56	42.2
48	57	18.0
48	58	39.8
48	59	48.3
48	60	23.3
48	61	19.2
48	62	18.0
48	63	29.4
48	64	36.7
48	65	49.0
48	66	51.8
48	67	21.2
48	68	15.6
48	69	17.1
48	70	22.2
48	71	19.4
48	72	41.1
48	73	21.2
48	74	8.1
48	75	17.9
49	50	18.2
49	51	17.0
49	52	42.0
49	53	47.0
49	54	55.1
49	55	32.1
49	56	14.3
49	57	54.1
49	58	35.6
49	59	63.6
49	60	62.1
49	61	40.0
49	62	25.5
49	63	11.3
49	64	33.1
49	65	49.7
49	66	56.4
49	67	33.2
49	68	26.5
49	69	51.0
49	70	61.8
49	71	57.4
49	72	31.8
49	73	20.5
49	74	33.3
49	75	28.0
50	51	22.0
50	52	43.0
50	53	40.0
50	54	54.1
50	55	14.9
50	56	32.3
50	57	57.8
50	58	25.3
50	59	55.6
50	60	71.4
50	61	54.2
50	62	39.0
50	63	26.5
50	64	51.0
50	65	37.7
50	66	44.9
50	67	33.1
50	68	32.5
50	69	62.7
50	70	70.0
50	71	67.4
50	72	20.4
50	73	34.2
50	74	43.8
50	75	31.4
51	52	25.0
51	53	31.6
51	54	38.1
51	55	36.4
51	56	26.9
51	57	37.9
51	58	23.7
51	59	48.0
51	60	49.5
51	61	33.7
51	62	19.0
51	63	12.7
51	64	36.8
51	65	37.4
51	66	43.3
51	67	16.3
51	68	10.8
51	69	40.8
51	70	48.3
51	71	45.3
51	72	21.8
51	73	15.1
51	74	22.0
51	75	11.2
52	53	19.0
52	54	13.3
52	55	54.4
52	56	49.7
52	57	15.6
52	58	26.1
52	59	30.5
52	60	35.4
52	61	36.7
52	62	30.0
52	63	34.9
52	64	51.1
52	65	32.2
52	66	34.1
52	67	9.8
52	68	16.8
52	69	34.2
52	70	32.3
52	71	33.4
52	72	29.1
52	73	30.4
52	74	22.8
52	75	14.0
53	54	20.0
53	55	46.8
53	56	58.5
53	57	31.6
53	58	15.3
53	59	16.6
53	60	53.8
53	61	54.4
53	62	44.7
53	63	44.2
53	64	65.6
53	65	13.9
53	66	15.1
53	67	18.0
53	68	29.4
53	69	53.2
53	70	50.2
53	71	52.2
53	72	20.2
53	73	43.3
53	74	39.9
53	75	25.0
54	55	64.0
54	56	63.1
54	57	14.1
54	58	33.0
54	59	23.2
54	60	37.1
54	61	46.8
54	62	42.5
54	63	48.3
54	64	63.2
54	65	33.6
54	66	32.6
54	67	22.0
54	68	30.1
54	69	40.7
54	70	33.0
54	71	36.9
54	72	37.2
54	73	43.5
54	74	34.2
54	75	27.3
55	56	45.2
55	57	69.8
55	58	31.6
55	59	60.3
55	60	85.3
55	61	69.1
55	62	53.9
55	63	41.2
55	64	65.2
55	65	40.0
55	66	47.0
55	67	44.8
55	68	46.4
55	69	77.2
55	70	83.5
55	71	81.4
55	72	26.9
55	73	49.0
55	74	58.3
55	75	44.6
56	57	59.0
56	58	48.8
56	59	74.9
56	60	61.7
56	61	35.5
56	62	24.5
56	63	14.9
56	64	21.9
56	65	62.9
56	66	69.4
56	67	42.5
56	68	33.0
56	69	48.8
56	70	62.4
56	71	56.6
56	72	45.5
56	73	21.0
56	74	34.4
56	75	36.1
57	58	41.4
57	59	37.3
57	60	23.0
57	61	35.8
57	62	35.7
57	63	45.1
57	64	54.6
57	65	45.5
57	66	45.7
57	67	25.0
57	68	27.7
57	69	27.5
57	70	19.0
57	71	22.8
57	72	44.6
57	73	38.1
57	74	26.0
57	75	26.9
58	59	30.3
58	60	60.9
58	61	54.1
58	62	41.2
58	63	36.1
58	64	60.4
58	65	14.1
58	66	20.8
58	67	18.7
58	68	27.1
58	69	56.9
58	70	58.1
58	71	58.2
58	72	5.0
58	73	38.3
58	74	40.0
58	75	23.0
59	60	60.3
59	61	67.2
59	62	59.5
59	63	60.5
59	64	80.7
59	65	20.9
59	66	15.3
59	67	33.3
59	68	44.6
59	69	63.2
59	70	56.1
59	71	60.0
59	72	35.2
59	73	58.7
59	74	53.3
59	75	40.4
60	61	28.1
60	62	37.6
60	63	51.1
60	64	49.0
60	65	67.5
60	66	68.4
60	67	42.5
60	68	38.9
60	69	14.0
60	70	4.5
60	71	5.1
60	72	63.1
60	73	42.1
60	74	28.8
60	75	40.8
61	62	15.2
61	63	28.8
61	64	21.0
61	65	65.5
61	66	69.3
61	67	37.1
61	68	27.1
61	69	14.1
61	70	30.1
61	71	23.0
61	72	54.0
61	73	20.1
61	74	14.6
61	75	31.3
62	63	14.1
62	64	21.2
62	65	53.9
62	66	58.6
62	67	26.6
62	68	15.3
62	69	25.6
62	70	37.9
62	71	32.6
62	72	40.3
62	73	5.0
62	74	10.0
62	75	19.7
63	64	25.5
63	65	50.0
63	66	56.0
63	67	27.7
63	68	18.2
63	69	39.7
63	70	51.0
63	71	46.3
63	72	33.5
63	73	9.2
63	74	22.4
63	75	21.2
64	65	73.8
64	66	79.1
64	67	47.6
64	68	36.2
64	69	35.0
64	70	51.1
64	71	44.0
64	72	58.5
64	73	22.5
64	74	29.2
64	75	40.6
65	66	7.3
65	67	28.4
65	68	38.9
65	69	66.0
65	70	64.0
65	71	65.6
65	72	18.0
65	73	51.4
65	74	51.0
65	75	34.5
66	67	32.3
66	68	43.4
66	69	68.4
66	70	64.6
66	71	67.0
66	72	25.1
66	73	56.6
66	74	54.7
66	75	38.9
67	68	11.4
67	69	38.3
67	70	40.0
67	71	39.6
67	72	20.6
67	73	25.5
67	74	22.6
67	75	7.1
68	69	31.4
68	70	37.5
68	71	35.0
68	72	27.2
68	73	14.2
68	74	13.2
68	75	4.5
69	70	16.5
69	71	9.1
69	72	58.0
69	73	30.5
69	74	18.9
69	75	34.5
70	71	7.6
70	72	60.5
70	73	42.2
70	74	28.6
70	75	38.9
71	72	60.0
71	73	37.2
71	74	24.2
71	75	37.2
72	73	36.9
72	74	40.3
72	75	23.5
73	74	13.6
73	75	18.4
74	75	17.0