// 11
11 3
// class: -
// number of customers
// number of vehicles
// number of box types
// number of items
100 100 2458 6866
// max-weight height width length of vehicles (cm)
// 
200000 220 233 587
// node no-box-types / h w l no. boxes frag weight
0 0
1 24
72 93 109 2 0 140
32 67 95 4 0 140
36 45 119 4 0 140
36 45 119 1 1 140
62 78 95 4 0 140
32 89 116 2 0 140
38 65 98 4 0 140
24 51 72 3 0 140
26 88 102 3 0 140
44 47 99 4 0 140
31 52 106 5 0 140
31 52 106 1 1 140
32 41 55 4 0 140
29 65 71 3 0 140
48 57 58 3 0 140
25 56 79 4 0 140
53 67 77 1 0 140
40 41 60 2 0 140
31 51 75 4 0 140
40 56 86 4 0 140
40 56 86 1 1 140
30 35 39 2 0 140
48 76 119 5 0 140
48 76 119 1 1 140
2 29
46 48 64 4 0 75
46 48 64 1 1 75
33 85 89 6 0 75
33 85 89 1 1 75
34 66 79 7 0 75
34 66 79 1 1 75
31 54 79 2 0 75
22 95 115 8 0 75
22 95 115 2 1 75
44 54 76 1 0 75
29 44 80 3 0 75
26 33 66 3 0 75
32 32 50 7 0 75
32 32 50 1 1 75
21 93 116 1 0 75
50 64 113 7 0 75
50 64 113 1 1 75
31 80 101 5 0 75
31 80 101 1 1 75
46 76 96 3 0 75
26 61 61 2 0 75
23 26 108 6 0 75
23 26 108 1 1 75
31 88 96 3 0 75
47 61 80 7 0 75
47 61 80 1 1 75
35 74 87 4 0 75
35 74 87 1 1 75
50 51 61 3 0 75
3 21
36 73 73 4 0 216
26 49 87 1 0 216
47 49 65 2 0 216
35 65 80 4 0 216
26 35 72 3 0 216
40 68 75 2 0 216
34 53 104 2 0 216
45 93 97 2 0 216
49 54 79 2 0 216
27 32 52 4 0 216
59 72 84 6 0 216
59 72 84 1 1 216
53 71 74 3 0 216
27 70 102 5 0 216
27 70 102 1 1 216
52 79 80 4 0 216
35 87 102 2 0 216
27 31 70 4 0 216
51 57 60 3 0 216
38 76 84 4 0 216
38 76 84 1 1 216
4 21
59 76 82 1 0 345
50 51 60 4 0 345
61 66 104 1 0 345
28 36 71 4 0 345
26 77 89 3 0 345
66 84 108 2 0 345
45 51 90 2 0 345
33 35 48 3 0 345
52 57 89 4 0 345
58 77 99 3 0 345
66 86 92 1 0 345
46 80 93 1 0 345
39 45 72 5 0 345
39 45 72 1 1 345
24 46 73 2 0 345
37 71 112 4 0 345
69 69 70 2 0 345
27 64 112 2 0 345
39 42 52 4 0 345
23 84 120 4 0 345
36 61 94 2 0 345
5 25
32 45 87 3 0 448
46 63 84 2 0 448
44 67 84 4 0 448
44 67 84 1 1 448
30 55 76 4 0 448
30 55 76 1 1 448
51 72 78 4 0 448
51 72 78 1 1 448
62 91 93 4 0 448
62 91 93 1 1 448
40 41 48 1 0 448
53 82 92 4 0 448
53 82 92 1 1 448
54 69 102 4 0 448
34 52 80 1 0 448
60 71 90 1 0 448
42 43 66 1 0 448
52 58 73 3 0 448
26 66 66 2 0 448
28 40 91 2 0 448
33 34 72 2 0 448
74 98 120 4 0 448
74 98 120 1 1 448
43 56 68 5 0 448
43 56 68 1 1 448
6 23
66 77 97 4 0 42
69 69 81 3 0 42
24 53 109 2 0 42
20 33 98 3 0 42
34 56 86 2 0 42
35 50 76 2 0 42
42 69 82 2 0 42
31 43 58 4 0 42
31 43 58 1 1 42
48 80 99 3 0 42
39 68 89 4 0 42
32 43 97 3 0 42
51 70 112 3 0 42
20 29 73 3 0 42
68 72 74 6 0 42
68 72 74 1 1 42
58 64 70 4 0 42
58 64 70 1 1 42
38 62 90 7 0 42
38 62 90 1 1 42
58 69 76 6 0 42
58 69 76 1 1 42
53 65 113 4 0 42
7 27
38 41 119 3 0 63
35 44 90 3 0 63
27 55 67 3 0 63
36 47 71 3 0 63
51 55 90 5 0 63
51 55 90 1 1 63
40 68 87 4 0 63
40 68 87 1 1 63
36 53 87 3 0 63
34 47 113 8 0 63
34 47 113 1 1 63
35 56 97 2 0 63
25 60 90 3 0 63
70 75 88 1 0 63
51 64 111 2 0 63
31 77 105 4 0 63
29 33 91 6 0 63
29 33 91 1 1 63
31 34 53 3 0 63
34 40 73 4 0 63
34 40 73 1 1 63
44 56 84 4 0 63
29 81 113 3 0 63
51 53 89 4 0 63
51 53 89 1 1 63
26 30 62 4 0 63
26 30 62 1 1 63
8 29
38 41 119 4 0 97
35 44 90 1 0 97
27 55 67 4 0 97
36 47 71 3 0 97
51 55 90 4 0 97
51 55 90 1 1 97
40 68 87 4 0 97
36 53 87 4 0 97
34 47 113 5 0 97
34 47 113 1 1 97
35 56 97 5 0 97
35 56 97 1 1 97
25 60 90 2 0 97
70 75 88 4 0 97
51 64 111 4 0 97
51 64 111 1 1 97
31 77 105 5 0 97
31 77 105 1 1 97
29 33 91 3 0 97
31 34 53 8 0 97
31 34 53 2 1 97
34 40 73 6 0 97
34 40 73 1 1 97
44 56 84 2 0 97
29 81 113 3 0 97
51 53 89 7 0 97
51 53 89 1 1 97
26 30 62 4 0 97
26 30 62 1 1 97
9 25
34 41 90 1 0 250
28 32 64 4 0 250
28 32 64 1 1 250
31 31 42 3 0 250
44 90 94 4 0 250
53 63 68 3 0 250
21 30 55 4 0 250
31 64 72 4 0 250
31 64 72 1 1 250
34 56 75 6 0 250
34 56 75 1 1 250
31 34 62 2 0 250
32 55 79 4 0 250
32 55 79 1 1 250
27 74 99 1 0 250
48 54 89 3 0 250
32 78 93 2 0 250
59 80 119 4 0 250
42 72 80 4 0 250
42 72 80 1 1 250
27 47 111 3 0 250
49 72 73 1 0 250
32 87 115 1 0 250
61 66 100 4 0 250
23 61 80 1 0 250
10 28
49 63 70 2 0 183
49 54 84 4 0 183
42 70 89 5 0 183
42 70 89 1 1 183
39 48 80 2 0 183
42 47 114 7 0 183
42 47 114 1 1 183
34 62 92 5 0 183
34 62 92 1 1 183
43 66 72 2 0 183
25 62 106 1 0 183
34 53 72 4 0 183
34 53 72 1 1 183
35 44 74 3 0 183
28 71 103 4 0 183
31 35 115 6 0 183
31 35 115 1 1 183
39 62 117 6 0 183
39 62 117 1 1 183
32 32 60 8 0 183
32 32 60 1 1 183
39 80 86 4 0 183
42 70 71 4 0 183
32 58 87 3 0 183
29 44 97 4 0 183
29 44 97 1 1 183
30 61 95 4 0 183
30 61 95 1 1 183
11 20
32 60 74 4 0 230
32 60 74 1 1 230
43 50 100 4 0 230
43 50 100 1 1 230
42 74 95 2 0 230
30 70 95 3 0 230
24 37 45 2 0 230
35 51 55 2 0 230
61 71 76 2 0 230
51 88 119 3 0 230
26 81 98 3 0 230
61 69 86 4 0 230
41 52 54 1 0 230
41 61 89 2 0 230
71 81 82 1 0 230
49 53 97 4 0 230
35 72 74 5 0 230
35 72 74 1 1 230
47 77 83 3 0 230
45 48 80 4 0 230
12 28
26 39 41 5 0 240
26 39 41 1 1 240
34 40 110 5 0 240
34 40 110 1 1 240
52 77 94 1 0 240
71 96 119 3 0 240
47 63 67 4 0 240
31 43 61 4 0 240
35 53 72 4 0 240
38 38 64 2 0 240
45 71 110 4 0 240
45 71 110 1 1 240
52 71 73 1 0 240
55 92 95 3 0 240
31 74 86 1 0 240
52 62 99 4 0 240
31 44 81 8 0 240
31 44 81 1 1 240
70 94 113 4 0 240
70 94 113 1 1 240
28 100 109 4 0 240
28 100 109 1 1 240
30 34 63 4 0 240
30 34 63 1 1 240
28 43 111 5 0 240
28 43 111 1 1 240
28 35 48 4 0 240
38 53 97 1 0 240
13 25
23 68 99 3 0 359
40 52 68 3 0 359
61 66 101 5 0 359
61 66 101 1 1 359
22 56 57 3 0 359
47 54 81 2 0 359
25 34 86 4 0 359
27 46 54 2 0 359
34 65 95 5 0 359
34 65 95 1 1 359
29 57 105 1 0 359
28 63 120 3 0 359
42 62 64 4 0 359
42 62 64 1 1 359
21 65 78 6 0 359
21 65 78 1 1 359
45 94 98 2 0 359
26 58 94 2 0 359
51 81 113 4 0 359
51 81 113 1 1 359
76 80 83 2 0 359
53 64 86 1 0 359
33 44 68 1 0 359
31 40 52 2 0 359
38 67 95 4 0 359
14 25
39 40 43 4 0 327
39 40 43 1 1 327
40 76 97 2 0 327
47 63 67 1 0 327
38 57 98 4 0 327
38 57 98 1 1 327
27 71 73 4 0 327
27 71 73 1 1 327
41 56 66 2 0 327
72 75 82 4 0 327
43 71 93 3 0 327
28 35 95 3 0 327
68 72 88 4 0 327
68 72 88 1 1 327
35 85 88 2 0 327
69 83 100 4 0 327
27 30 74 3 0 327
61 64 82 2 0 327
32 38 63 2 0 327
70 97 108 4 0 327
70 97 108 1 1 327
53 72 87 2 0 327
24 75 107 1 0 327
30 31 101 2 0 327
23 56 86 3 0 327
15 27
34 41 90 4 0 101
34 41 90 1 1 101
28 32 64 4 0 101
28 32 64 1 1 101
31 31 42 5 0 101
31 31 42 1 1 101
44 90 94 4 0 101
44 90 94 1 1 101
53 63 68 4 0 101
21 30 55 2 0 101
31 64 72 3 0 101
34 56 75 3 0 101
31 34 62 4 0 101
32 55 79 1 0 101
27 74 99 4 0 101
48 54 89 3 0 101
32 78 93 1 0 101
59 80 119 3 0 101
42 72 80 2 0 101
27 47 111 8 0 101
27 47 111 2 1 101
49 72 73 2 0 101
32 87 115 4 0 101
32 87 115 1 1 101
61 66 100 1 0 101
23 61 80 8 0 101
23 61 80 2 1 101
16 26
68 95 96 4 0 237
68 95 96 1 1 237
35 61 69 6 0 237
35 61 69 1 1 237
55 70 107 6 0 237
55 70 107 1 1 237
34 85 92 3 0 237
31 60 96 4 0 237
38 38 66 4 0 237
38 38 66 1 1 237
36 57 63 3 0 237
31 31 51 4 0 237
44 75 100 3 0 237
53 66 78 4 0 237
29 32 33 4 0 237
45 72 81 2 0 237
38 57 88 3 0 237
21 34 52 7 0 237
21 34 52 1 1 237
31 69 112 4 0 237
57 59 63 3 0 237
48 65 76 5 0 237
48 65 76 1 1 237
46 60 92 1 0 237
52 55 118 3 0 237
22 93 96 1 0 237
17 22
40 60 100 3 0 31
34 67 89 4 0 31
38 80 92 1 0 31
24 81 90 4 0 31
38 52 84 3 0 31
46 54 77 3 0 31
33 49 90 2 0 31
27 45 78 3 0 31
28 57 76 4 0 31
27 38 102 4 0 31
39 45 55 1 0 31
29 78 115 4 0 31
53 58 98 1 0 31
20 57 61 4 0 31
78 92 94 4 0 31
78 92 94 1 1 31
42 58 114 4 0 31
42 58 114 1 1 31
27 67 98 3 0 31
45 79 85 6 0 31
45 79 85 1 1 31
22 49 111 3 0 31
18 25
69 79 86 3 0 173
31 46 53 2 0 173
37 51 96 4 0 173
54 55 119 3 0 173
37 74 77 3 0 173
24 73 96 3 0 173
54 67 75 1 0 173
61 71 88 4 0 173
46 93 120 4 0 173
69 70 104 1 0 173
61 69 72 3 0 173
43 51 68 1 0 173
53 71 118 1 0 173
54 57 78 4 0 173
54 57 78 1 1 173
22 67 72 3 0 173
34 82 84 4 0 173
34 82 84 1 1 173
33 72 74 6 0 173
33 72 74 1 1 173
36 37 48 3 0 173
36 57 69 6 0 173
36 57 69 1 1 173
59 68 109 5 0 173
59 68 109 1 1 173
19 23
57 58 91 3 0 283
53 78 92 2 0 283
28 48 112 2 0 283
26 47 78 2 0 283
28 40 41 4 0 283
28 40 41 1 1 283
32 47 57 3 0 283
40 47 54 3 0 283
25 80 85 3 0 283
54 86 89 2 0 283
68 94 118 2 0 283
36 63 98 3 0 283
38 42 81 3 0 283
39 59 86 1 0 283
40 67 91 5 0 283
40 67 91 1 1 283
41 61 73 3 0 283
57 59 67 2 0 283
33 75 84 5 0 283
33 75 84 1 1 283
70 88 96 4 0 283
30 44 67 2 0 283
64 76 82 3 0 283
20 26
27 37 78 4 0 130
25 70 89 1 0 130
41 84 90 5 0 130
41 84 90 1 1 130
42 75 85 4 0 130
44 77 91 1 0 130
71 87 114 3 0 130
25 37 90 4 0 130
25 37 90 1 1 130
77 80 105 6 0 130
77 80 105 1 1 130
50 71 74 5 0 130
50 71 74 1 1 130
55 57 62 5 0 130
55 57 62 1 1 130
26 45 89 1 0 130
47 54 65 1 0 130
28 62 79 2 0 130
35 40 84 5 0 130
35 40 84 1 1 130
42 44 55 2 0 130
29 30 115 4 0 130
25 60 93 4 0 130
50 83 96 3 0 130
62 75 86 2 0 130
36 60 76 1 0 130
21 21
26 42 64 1 0 186
52 58 92 3 0 186
21 85 92 4 0 186
21 85 92 1 1 186
33 49 90 2 0 186
34 48 54 4 0 186
45 62 95 4 0 186
45 62 95 1 1 186
46 49 72 2 0 186
25 42 56 4 0 186
26 34 64 4 0 186
54 90 113 3 0 186
42 52 113 2 0 186
38 86 94 2 0 186
68 80 81 2 0 186
55 79 87 4 0 186
45 52 81 3 0 186
25 57 92 3 0 186
33 40 100 4 0 186
40 93 113 4 0 186
22 65 74 2 0 186
22 27
20 69 101 7 0 225
20 69 101 1 1 225
54 66 108 4 0 225
33 62 74 4 0 225
33 61 69 7 0 225
33 61 69 1 1 225
31 64 71 4 0 225
31 64 71 1 1 225
30 32 38 4 0 225
37 47 108 1 0 225
36 41 100 2 0 225
39 79 99 5 0 225
39 79 99 1 1 225
22 55 83 1 0 225
36 49 99 4 0 225
22 56 83 6 0 225
22 56 83 1 1 225
44 52 66 4 0 225
44 52 66 1 1 225
29 69 120 1 0 225
50 90 101 4 0 225
50 90 101 1 1 225
39 54 58 4 0 225
58 64 88 3 0 225
46 52 82 2 0 225
53 63 63 2 0 225
60 67 82 4 0 225
23 24
35 54 75 4 0 446
49 60 107 1 0 446
42 67 70 3 0 446
44 71 78 4 0 446
27 61 78 2 0 446
48 73 78 2 0 446
32 87 109 3 0 446
25 87 91 6 0 446
25 87 91 1 1 446
47 51 67 3 0 446
60 63 67 4 0 446
60 63 67 1 1 446
34 59 115 1 0 446
34 35 102 3 0 446
48 54 117 5 0 446
48 54 117 1 1 446
40 61 70 4 0 446
40 61 70 1 1 446
59 63 64 3 0 446
63 87 95 2 0 446
23 92 113 4 0 446
63 75 99 2 0 446
46 55 56 4 0 446
46 55 56 1 1 446
24 21
32 60 74 2 0 53
43 50 100 3 0 53
42 74 95 2 0 53
24 37 45 1 0 53
25 60 67 1 0 53
35 51 55 5 0 53
35 51 55 1 1 53
51 88 119 5 0 53
51 88 119 1 1 53
26 81 98 3 0 53
61 69 86 4 0 53
30 54 117 2 0 53
24 40 96 4 0 53
41 52 54 4 0 53
41 61 89 2 0 53
71 81 82 1 0 53
49 53 97 3 0 53
35 72 74 5 0 53
35 72 74 1 1 53
47 77 83 2 0 53
45 48 80 4 0 53
25 19
28 34 119 1 0 130
48 69 84 2 0 130
78 82 97 3 0 130
33 43 109 3 0 130
47 75 80 3 0 130
30 62 74 4 0 130
31 35 40 1 0 130
26 43 58 1 0 130
71 73 111 3 0 130
43 66 95 3 0 130
28 82 96 1 0 130
66 73 84 4 0 130
58 91 108 1 0 130
25 81 96 2 0 130
31 35 42 4 0 130
30 54 75 4 0 130
33 50 117 1 0 130
49 68 115 4 0 130
60 66 105 1 0 130
26 27
61 63 74 3 0 207
25 60 71 2 0 207
59 80 106 4 0 207
42 76 109 2 0 207
22 56 118 4 0 207
22 56 118 1 1 207
43 67 105 5 0 207
43 67 105 1 1 207
37 65 72 8 0 207
37 65 72 2 1 207
54 59 84 4 0 207
54 59 84 1 1 207
26 69 91 3 0 207
28 31 69 4 0 207
37 67 76 3 0 207
25 39 48 5 0 207
25 39 48 1 1 207
66 79 91 3 0 207
42 63 72 2 0 207
60 74 74 4 0 207
20 78 85 4 0 207
20 78 85 1 1 207
32 32 52 4 0 207
32 32 52 1 1 207
54 63 83 4 0 207
26 32 71 3 0 207
30 53 65 3 0 207
27 25
31 48 68 2 0 266
63 80 104 2 0 266
21 46 82 3 0 266
60 78 114 3 0 266
66 74 90 2 0 266
36 54 112 1 0 266
54 64 71 1 0 266
33 53 74 4 0 266
33 53 74 1 1 266
57 62 75 3 0 266
52 62 68 4 0 266
52 62 68 1 1 266
47 49 64 3 0 266
36 39 60 1 0 266
35 45 55 3 0 266
31 35 59 4 0 266
34 47 104 1 0 266
38 74 81 1 0 266
45 77 101 4 0 266
45 77 101 1 1 266
36 55 116 4 0 266
36 55 116 1 1 266
47 71 77 6 0 266
47 71 77 1 1 266
38 73 90 3 0 266
28 25
29 80 113 4 0 253
29 80 113 1 1 253
62 65 98 2 0 253
46 59 60 1 0 253
64 97 100 4 0 253
23 88 99 2 0 253
33 49 106 3 0 253
30 54 78 2 0 253
41 68 71 4 0 253
41 68 71 1 1 253
35 80 83 3 0 253
27 55 99 2 0 253
43 51 91 5 0 253
43 51 91 1 1 253
72 78 99 3 0 253
37 88 102 1 0 253
72 75 97 4 0 253
27 63 83 5 0 253
27 63 83 1 1 253
36 38 78 3 0 253
55 88 120 2 0 253
38 72 77 3 0 253
25 38 45 1 0 253
23 48 73 4 0 253
23 48 73 1 1 253
29 28
24 81 101 3 0 101
29 72 94 4 0 101
47 72 79 5 0 101
47 72 79 1 1 101
35 36 90 5 0 101
35 36 90 1 1 101
40 51 68 5 0 101
40 51 68 1 1 101
35 45 48 4 0 101
69 84 108 2 0 101
31 45 91 2 0 101
62 80 84 2 0 101
41 71 77 9 0 101
41 71 77 2 1 101
42 78 91 3 0 101
60 80 82 2 0 101
26 42 89 5 0 101
26 42 89 1 1 101
30 41 45 3 0 101
29 51 79 4 0 101
29 51 79 1 1 101
20 53 56 1 0 101
39 78 117 5 0 101
39 78 117 1 1 101
42 78 84 2 0 101
46 66 118 4 0 101
30 42 116 9 0 101
30 42 116 2 1 101
30 22
64 68 109 3 0 388
55 58 84 1 0 388
24 83 96 3 0 388
70 73 107 4 0 388
70 73 107 1 1 388
54 73 80 2 0 388
33 41 72 2 0 388
74 79 84 3 0 388
20 37 40 4 0 388
20 37 40 1 1 388
42 73 74 4 0 388
33 48 55 1 0 388
70 74 109 5 0 388
70 74 109 1 1 388
39 44 107 1 0 388
47 51 99 2 0 388
37 43 46 1 0 388
36 69 94 4 0 388
36 69 94 1 1 388
48 64 98 4 0 388
70 91 99 2 0 388
52 76 113 4 0 388
31 24
57 58 91 2 0 450
53 78 92 4 0 450
53 78 92 1 1 450
28 48 112 1 0 450
26 47 78 3 0 450
28 40 41 5 0 450
28 40 41 1 1 450
32 47 57 3 0 450
40 47 54 1 0 450
25 80 85 4 0 450
54 86 89 1 0 450
68 94 118 5 0 450
68 94 118 1 1 450
36 63 98 2 0 450
38 42 81 4 0 450
39 59 86 2 0 450
40 67 91 5 0 450
40 67 91 1 1 450
41 61 73 3 0 450
57 59 67 2 0 450
33 75 84 3 0 450
70 88 96 2 0 450
30 44 67 1 0 450
64 76 82 3 0 450
32 24
50 74 76 6 0 353
50 74 76 1 1 353
29 40 86 4 0 353
29 40 86 1 1 353
48 55 66 4 0 353
48 55 66 1 1 353
37 57 75 2 0 353
29 83 102 4 0 353
52 58 74 2 0 353
36 65 89 1 0 353
67 68 99 3 0 353
66 78 80 4 0 353
45 57 65 4 0 353
30 59 112 5 0 353
30 59 112 1 1 353
68 75 79 2 0 353
30 48 97 4 0 353
31 70 73 1 0 353
44 83 90 1 0 353
64 93 101 4 0 353
64 93 101 1 1 353
78 82 89 3 0 353
26 54 85 3 0 353
68 71 78 3 0 353
33 25
35 49 72 3 0 157
47 66 75 2 0 157
22 30 78 2 0 157
79 79 119 3 0 157
62 65 76 6 0 157
62 65 76 1 1 157
65 81 119 2 0 157
36 77 91 4 0 157
36 77 91 1 1 157
27 89 113 4 0 157
27 89 113 1 1 157
44 59 98 3 0 157
43 55 76 4 0 157
31 51 58 3 0 157
25 40 94 5 0 157
25 40 94 1 1 157
43 66 89 2 0 157
50 55 119 2 0 157
34 43 70 2 0 157
56 71 76 3 0 157
40 58 80 4 0 157
40 58 80 1 1 157
46 57 79 3 0 157
61 68 70 4 0 157
39 46 93 4 0 157
34 24
40 73 85 2 0 205
54 62 73 3 0 205
41 63 90 3 0 205
24 61 75 3 0 205
44 53 57 5 0 205
44 53 57 1 1 205
45 70 93 2 0 205
33 36 73 4 0 205
75 80 95 4 0 205
75 80 95 1 1 205
78 89 93 3 0 205
65 87 113 4 0 205
30 46 72 2 0 205
70 78 100 4 0 205
70 78 100 1 1 205
34 47 53 3 0 205
46 54 87 3 0 205
37 41 52 5 0 205
37 41 52 1 1 205
33 76 79 3 0 205
65 77 77 3 0 205
27 59 65 4 0 205
31 42 54 1 0 205
44 45 87 3 0 205
35 26
57 58 91 7 0 109
57 58 91 1 1 109
53 78 92 3 0 109
28 48 112 4 0 109
28 48 112 1 1 109
26 47 78 4 0 109
26 47 78 1 1 109
28 40 41 3 0 109
32 47 57 1 0 109
40 47 54 4 0 109
25 80 85 5 0 109
25 80 85 1 1 109
54 86 89 2 0 109
68 94 118 2 0 109
36 63 98 3 0 109
38 42 81 3 0 109
39 59 86 4 0 109
40 67 91 2 0 109
41 61 73 2 0 109
57 59 67 3 0 109
33 75 84 6 0 109
33 75 84 1 1 109
70 88 96 5 0 109
70 88 96 1 1 109
30 44 67 2 0 109
64 76 82 2 0 109
36 27
24 81 101 6 0 60
24 81 101 1 1 60
29 72 94 4 0 60
47 72 79 5 0 60
47 72 79 1 1 60
35 36 90 5 0 60
35 36 90 1 1 60
40 51 68 3 0 60
35 45 48 4 0 60
35 45 48 1 1 60
69 84 108 4 0 60
31 45 91 4 0 60
62 80 84 2 0 60
41 71 77 2 0 60
42 78 91 6 0 60
42 78 91 1 1 60
60 80 82 2 0 60
26 42 89 4 0 60
30 41 45 4 0 60
30 41 45 1 1 60
29 51 79 4 0 60
29 51 79 1 1 60
20 53 56 3 0 60
39 78 117 3 0 60
42 78 84 4 0 60
30 42 116 6 0 60
30 42 116 1 1 60
37 20
47 66 118 1 0 166
25 56 99 4 0 166
48 83 91 2 0 166
40 66 104 4 0 166
33 60 75 4 0 166
33 60 75 1 1 166
60 78 113 1 0 166
40 48 56 2 0 166
22 40 67 2 0 166
64 78 92 1 0 166
31 61 73 4 0 166
58 66 72 4 0 166
26 44 56 2 0 166
34 65 93 3 0 166
50 63 113 2 0 166
31 34 35 1 0 166
80 99 100 4 0 166
80 99 100 1 1 166
20 69 105 1 0 166
38 60 77 4 0 166
38 25
58 72 78 4 0 235
57 57 107 3 0 235
37 64 72 5 0 235
37 64 72 1 1 235
26 66 93 1 0 235
35 67 116 2 0 235
39 56 101 4 0 235
39 56 101 1 1 235
39 100 108 3 0 235
33 55 64 2 0 235
53 65 73 4 0 235
35 41 106 2 0 235
28 78 82 3 0 235
58 59 79 1 0 235
22 84 92 4 0 235
22 84 92 1 1 235
50 65 80 4 0 235
24 77 82 1 0 235
51 73 74 5 0 235
51 73 74 1 1 235
40 43 90 3 0 235
51 70 98 3 0 235
30 32 69 4 0 235
53 69 107 5 0 235
53 69 107 1 1 235
39 21
33 52 91 3 0 574
63 81 87 6 0 574
63 81 87 1 1 574
45 79 113 2 0 574
45 52 114 3 0 574
66 90 110 1 0 574
31 41 81 2 0 574
57 82 118 2 0 574
30 60 96 4 0 574
36 42 43 1 0 574
77 78 93 4 0 574
25 62 85 3 0 574
30 83 93 1 0 574
56 72 112 5 0 574
56 72 112 1 1 574
31 39 49 3 0 574
38 67 100 5 0 574
38 67 100 1 1 574
41 59 76 2 0 574
59 64 114 3 0 574
34 68 91 1 0 574
40 18
37 69 78 2 0 230
58 90 115 1 0 230
20 53 68 3 0 230
47 71 119 2 0 230
57 82 100 2 0 230
52 76 88 2 0 230
62 72 87 2 0 230
67 78 120 3 0 230
60 65 103 3 0 230
50 60 86 4 0 230
50 60 86 1 1 230
37 49 80 1 0 230
36 83 94 3 0 230
35 67 118 2 0 230
62 78 80 3 0 230
33 58 91 2 0 230
49 78 114 2 0 230
40 54 76 1 0 230
41 28
31 48 68 6 0 64
31 48 68 1 1 64
63 80 104 3 0 64
21 46 82 4 0 64
21 46 82 1 1 64
60 78 114 4 0 64
60 78 114 1 1 64
66 74 90 4 0 64
66 74 90 1 1 64
36 54 112 3 0 64
54 64 71 4 0 64
54 64 71 1 1 64
33 53 74 3 0 64
57 62 75 4 0 64
57 62 75 1 1 64
52 62 68 5 0 64
52 62 68 1 1 64
47 49 64 2 0 64
36 39 60 2 0 64
35 45 55 1 0 64
31 35 59 4 0 64
34 47 104 4 0 64
34 47 104 1 1 64
38 74 81 3 0 64
45 77 101 2 0 64
36 55 116 4 0 64
47 71 77 3 0 64
38 73 90 4 0 64
42 29
25 36 52 3 0 58
21 37 63 4 0 58
21 37 63 1 1 58
36 61 100 2 0 58
36 52 79 4 0 58
36 52 79 1 1 58
36 63 99 3 0 58
30 49 97 4 0 58
55 69 90 3 0 58
28 33 91 2 0 58
41 76 111 7 0 58
41 76 111 1 1 58
35 44 95 5 0 58
35 44 95 1 1 58
29 47 74 4 0 58
29 47 74 1 1 58
20 48 100 5 0 58
20 48 100 1 1 58
30 38 75 5 0 58
30 38 75 1 1 58
44 68 86 5 0 58
44 68 86 1 1 58
33 52 72 2 0 58
25 52 112 4 0 58
40 48 109 7 0 58
40 48 109 1 1 58
42 74 83 2 0 58
40 93 101 3 0 58
31 66 76 3 0 58
43 21
21 36 40 2 0 116
31 45 76 1 0 116
51 54 63 3 0 116
69 77 114 4 0 116
53 57 95 1 0 116
20 36 92 4 0 116
47 84 90 6 0 116
47 84 90 1 1 116
24 69 84 4 0 116
35 35 57 3 0 116
50 76 78 4 0 116
37 67 81 2 0 116
43 51 73 2 0 116
30 54 64 4 0 116
51 73 85 3 0 116
23 58 83 4 0 116
27 71 114 1 0 116
50 56 67 2 0 116
46 51 79 2 0 116
36 57 89 3 0 116
46 72 109 4 0 116
44 24
40 42 76 4 0 300
40 42 76 1 1 300
48 49 65 2 0 300
51 92 109 3 0 300
31 42 93 4 0 300
31 42 93 1 1 300
59 64 83 6 0 300
59 64 83 1 1 300
55 90 96 3 0 300
31 42 52 1 0 300
61 72 98 2 0 300
57 98 118 6 0 300
57 98 118 1 1 300
25 31 48 1 0 300
50 67 75 4 0 300
32 66 120 3 0 300
65 76 91 1 0 300
49 71 102 2 0 300
59 89 93 2 0 300
23 48 76 1 0 300
23 53 63 2 0 300
27 59 83 4 0 300
27 59 83 1 1 300
53 69 85 4 0 300
45 22
71 80 82 4 0 250
71 80 82 1 1 250
27 37 66 2 0 250
31 76 77 3 0 250
38 56 100 4 0 250
67 86 93 4 0 250
67 86 93 1 1 250
30 76 89 4 0 250
67 90 98 4 0 250
67 90 98 1 1 250
42 52 87 3 0 250
35 42 53 3 0 250
36 53 116 2 0 250
24 91 106 3 0 250
46 84 112 3 0 250
47 56 89 3 0 250
39 51 62 4 0 250
50 67 69 4 0 250
46 74 93 4 0 250
35 48 74 4 0 250
66 87 95 1 0 250
30 54 84 2 0 250
46 28
63 70 90 3 0 13
28 78 84 2 0 13
39 85 94 6 0 13
39 85 94 1 1 13
54 76 80 2 0 13
45 50 69 4 0 13
45 50 69 1 1 13
37 57 70 3 0 13
54 61 94 1 0 13
29 44 92 6 0 13
29 44 92 1 1 13
37 53 72 3 0 13
27 43 89 3 0 13
28 44 91 2 0 13
68 76 78 4 0 13
68 76 78 1 1 13
33 61 84 3 0 13
39 40 107 1 0 13
69 75 114 5 0 13
69 75 114 1 1 13
48 55 57 3 0 13
47 57 99 3 0 13
44 66 92 4 0 13
44 66 92 1 1 13
42 48 73 5 0 13
42 48 73 1 1 13
39 46 99 4 0 13
39 46 99 1 1 13
47 19
30 76 108 2 0 540
25 43 110 6 0 540
25 43 110 1 1 540
55 81 92 5 0 540
55 81 92 1 1 540
28 33 81 1 0 540
73 99 120 4 0 540
48 70 111 2 0 540
46 72 98 4 0 540
31 66 95 2 0 540
30 84 85 2 0 540
25 32 71 3 0 540
25 34 36 1 0 540
62 67 97 3 0 540
23 25 33 2 0 540
26 27 95 1 0 540
36 41 52 7 0 540
36 41 52 1 1 540
34 78 104 2 0 540
48 21
39 40 43 3 0 720
40 76 97 3 0 720
47 63 67 5 0 720
47 63 67 1 1 720
38 57 98 1 0 720
27 71 73 1 0 720
72 75 82 3 0 720
43 71 93 2 0 720
28 35 95 3 0 720
68 72 88 2 0 720
35 85 88 3 0 720
69 83 100 1 0 720
27 30 74 1 0 720
61 64 82 3 0 720
32 38 63 1 0 720
70 97 108 2 0 720
53 72 87 3 0 720
24 75 107 4 0 720
30 31 101 3 0 720
23 56 86 4 0 720
23 56 86 1 1 720
49 27
40 60 100 6 0 348
40 60 100 1 1 348
34 67 89 7 0 348
34 67 89 1 1 348
38 80 92 4 0 348
38 80 92 1 1 348
24 81 90 7 0 348
24 81 90 1 1 348
38 52 84 4 0 348
38 52 84 1 1 348
46 54 77 2 0 348
33 49 90 4 0 348
27 45 78 4 0 348
28 57 76 1 0 348
27 38 102 5 0 348
27 38 102 1 1 348
39 45 55 3 0 348
29 78 115 3 0 348
53 58 98 8 0 348
53 58 98 1 1 348
44 64 75 4 0 348
20 57 61 4 0 348
20 57 61 1 1 348
78 92 94 3 0 348
42 58 114 4 0 348
45 79 85 1 0 348
22 49 111 4 0 348
50 23
50 51 65 5 0 194
50 51 65 1 1 194
28 78 113 3 0 194
32 35 120 6 0 194
32 35 120 1 1 194
20 53 71 2 0 194
64 70 94 3 0 194
32 33 64 3 0 194
49 59 85 4 0 194
53 62 108 3 0 194
25 56 116 2 0 194
35 69 75 1 0 194
53 85 114 6 0 194
53 85 114 1 1 194
20 35 55 1 0 194
66 72 89 6 0 194
66 72 89 1 1 194
42 99 103 3 0 194
32 55 66 3 0 194
39 62 93 5 0 194
39 62 93 1 1 194
50 64 86 4 0 194
68 71 75 2 0 194
51 25
36 58 86 2 0 161
22 69 71 2 0 161
54 78 108 2 0 161
57 58 104 4 0 161
57 58 104 1 1 161
58 65 96 3 0 161
26 37 58 1 0 161
49 72 73 4 0 161
49 72 73 1 1 161
56 67 98 2 0 161
23 89 117 2 0 161
73 76 109 8 0 161
73 76 109 1 1 161
34 61 95 2 0 161
49 73 106 3 0 161
35 39 66 3 0 161
43 76 82 3 0 161
26 87 93 4 0 161
26 87 93 1 1 161
63 64 68 2 0 161
30 53 70 2 0 161
30 65 68 5 0 161
30 65 68 1 1 161
26 57 94 2 0 161
38 79 104 1 0 161
52 23
39 54 88 2 0 128
36 54 94 4 0 128
36 54 94 1 1 128
43 77 87 2 0 128
72 80 100 4 0 128
36 40 83 2 0 128
22 54 91 4 0 128
54 58 109 4 0 128
30 55 94 4 0 128
31 32 34 4 0 128
57 80 83 4 0 128
26 40 108 1 0 128
32 37 72 4 0 128
28 93 93 4 0 128
33 56 71 4 0 128
33 56 71 1 1 128
26 78 104 4 0 128
26 78 104 1 1 128
44 85 94 2 0 128
65 75 82 4 0 128
28 81 109 4 0 128
45 73 79 2 0 128
76 91 104 4 0 128
53 21
27 81 97 2 0 264
39 78 102 2 0 264
36 46 113 3 0 264
42 50 66 2 0 264
26 30 101 2 0 264
35 56 100 2 0 264
40 50 91 2 0 264
58 63 103 5 0 264
58 63 103 1 1 264
41 57 75 2 0 264
64 68 71 1 0 264
39 67 85 2 0 264
56 63 97 3 0 264
35 54 80 2 0 264
62 66 73 4 0 264
62 66 73 1 1 264
69 74 90 6 0 264
69 74 90 1 1 264
40 61 118 3 0 264
31 43 94 4 0 264
30 49 90 3 0 264
54 22
50 94 104 1 0 290
36 87 102 2 0 290
33 42 115 1 0 290
32 58 61 6 0 290
32 58 61 1 1 290
48 62 70 1 0 290
78 79 91 2 0 290
53 57 90 7 0 290
53 57 90 1 1 290
39 44 77 5 0 290
39 44 77 1 1 290
56 89 97 4 0 290
26 38 58 4 0 290
26 38 58 1 1 290
33 44 64 4 0 290
28 65 70 3 0 290
61 73 93 3 0 290
46 47 61 2 0 290
26 72 111 4 0 290
63 78 102 2 0 290
62 65 88 4 0 290
38 51 63 3 0 290
55 30
31 72 96 2 0 19
47 72 75 2 0 19
20 25 80 9 0 19
20 25 80 2 1 19
61 94 114 4 0 19
39 40 100 8 0 19
39 40 100 2 1 19
48 51 72 6 0 19
48 51 72 1 1 19
24 28 36 6 0 19
24 28 36 1 1 19
35 58 85 5 0 19
35 58 85 1 1 19
58 84 85 4 0 19
24 48 95 4 0 19
24 48 95 1 1 19
25 70 115 7 0 19
25 70 115 1 1 19
42 49 108 6 0 19
42 49 108 1 1 19
26 64 73 1 0 19
35 54 68 3 0 19
60 62 83 3 0 19
43 56 57 7 0 19
43 56 57 1 1 19
56 57 101 1 0 19
42 48 56 4 0 19
42 48 56 1 1 19
38 55 93 4 0 19
53 53 53 4 0 19
56 26
46 48 64 1 0 77
22 25 79 6 0 77
22 25 79 1 1 77
33 85 89 4 0 77
34 66 79 4 0 77
34 66 79 1 1 77
31 54 79 2 0 77
22 95 115 4 0 77
44 54 76 4 0 77
29 44 80 1 0 77
26 33 66 4 0 77
32 32 50 4 0 77
32 32 50 1 1 77
21 93 116 4 0 77
50 64 113 4 0 77
31 80 101 1 0 77
46 76 96 4 0 77
46 76 96 1 1 77
26 61 61 4 0 77
23 26 108 3 0 77
31 88 96 6 0 77
31 88 96 1 1 77
47 61 80 4 0 77
47 61 80 1 1 77
35 74 87 4 0 77
50 51 61 3 0 77
57 27
69 73 75 2 0 98
40 56 66 4 0 98
41 51 64 2 0 98
28 52 90 2 0 98
28 33 73 2 0 98
60 76 91 2 0 98
28 45 54 4 0 98
56 81 107 2 0 98
44 53 63 4 0 98
44 53 63 1 1 98
50 75 88 1 0 98
20 76 79 2 0 98
66 71 116 5 0 98
66 71 116 1 1 98
35 52 84 4 0 98
35 52 84 1 1 98
22 56 61 5 0 98
22 56 61 1 1 98
31 53 54 8 0 98
31 53 54 1 1 98
53 85 86 2 0 98
29 71 84 2 0 98
41 52 80 4 0 98
41 52 80 1 1 98
26 33 83 6 0 98
26 33 83 1 1 98
38 60 99 1 0 98
58 26
23 81 84 4 0 246
64 72 115 1 0 246
25 49 77 3 0 246
22 37 40 1 0 246
46 96 97 4 0 246
46 96 97 1 1 246
25 43 95 4 0 246
25 43 95 1 1 246
28 69 90 3 0 246
49 51 56 3 0 246
80 93 118 5 0 246
80 93 118 1 1 246
41 47 56 2 0 246
27 71 78 4 0 246
41 62 88 4 0 246
21 53 87 5 0 246
21 53 87 1 1 246
28 47 105 6 0 246
28 47 105 1 1 246
65 68 103 3 0 246
31 64 67 3 0 246
27 37 83 4 0 246
27 37 83 1 1 246
29 31 44 4 0 246
49 69 91 3 0 246
42 61 90 1 0 246
59 24
27 37 78 3 0 400
25 70 89 4 0 400
25 70 89 1 1 400
41 84 90 4 0 400
42 75 85 1 0 400
44 77 91 3 0 400
71 87 114 4 0 400
71 87 114 1 1 400
25 37 90 3 0 400
77 80 105 2 0 400
50 71 74 4 0 400
50 71 74 1 1 400
55 57 62 4 0 400
47 54 65 4 0 400
28 62 79 1 0 400
35 40 84 1 0 400
42 44 55 4 0 400
29 30 115 6 0 400
29 30 115 1 1 400
25 60 93 7 0 400
25 60 93 1 1 400
50 83 96 2 0 400
62 75 86 4 0 400
36 60 76 4 0 400
60 22
33 92 113 4 0 49
28 37 52 2 0 49
29 33 57 1 0 49
30 37 99 1 0 49
33 64 92 4 0 49
39 59 119 4 0 49
49 52 54 3 0 49
35 45 75 4 0 49
44 68 79 4 0 49
47 49 116 1 0 49
23 44 83 5 0 49
23 44 83 1 1 49
56 96 98 1 0 49
57 72 78 2 0 49
47 88 98 3 0 49
31 33 41 2 0 49
34 35 59 4 0 49
37 78 83 3 0 49
33 34 68 4 0 49
49 69 103 5 0 49
49 69 103 1 1 49
32 53 97 2 0 49
61 23
62 64 99 3 0 191
50 73 96 1 0 191
35 53 114 3 0 191
22 27 105 5 0 191
22 27 105 1 1 191
51 66 75 1 0 191
48 61 72 4 0 191
32 46 102 3 0 191
45 57 59 4 0 191
33 45 111 4 0 191
33 45 111 1 1 191
58 74 90 1 0 191
34 51 55 3 0 191
21 73 98 8 0 191
21 73 98 1 1 191
35 61 85 4 0 191
31 35 41 3 0 191
77 86 89 6 0 191
77 86 89 1 1 191
47 55 61 3 0 191
45 66 96 2 0 191
34 61 89 5 0 191
34 61 89 1 1 191
62 21
27 37 78 1 0 358
25 70 89 1 0 358
41 84 90 3 0 358
42 75 85 4 0 358
44 77 91 7 0 358
44 77 91 1 1 358
71 87 114 5 0 358
71 87 114 1 1 358
25 37 90 2 0 358
77 80 105 1 0 358
50 71 74 1 0 358
55 57 62 1 0 358
26 45 89 1 0 358
28 62 79 3 0 358
35 40 84 6 0 358
35 40 84 1 1 358
42 44 55 2 0 358
29 30 115 3 0 358
25 60 93 2 0 358
50 83 96 3 0 358
36 60 76 4 0 358
63 23
48 49 59 3 0 144
46 63 79 4 0 144
46 63 79 1 1 144
38 58 95 4 0 144
47 79 95 4 0 144
27 46 72 3 0 144
72 74 88 4 0 144
67 77 90 2 0 144
36 59 96 2 0 144
46 55 62 2 0 144
43 77 92 2 0 144
41 66 100 4 0 144
44 72 76 4 0 144
35 68 95 4 0 144
35 68 95 1 1 144
48 66 108 3 0 144
52 78 86 3 0 144
40 86 92 3 0 144
38 39 66 3 0 144
59 80 85 4 0 144
33 71 86 1 0 144
23 45 118 7 0 144
23 45 118 1 1 144
64 24
25 36 52 1 0 125
21 37 63 5 0 125
21 37 63 1 1 125
36 61 100 4 0 125
36 52 79 4 0 125
36 63 99 4 0 125
36 63 99 1 1 125
30 49 97 4 0 125
55 69 90 2 0 125
41 76 111 4 0 125
35 44 95 2 0 125
29 47 74 2 0 125
20 48 100 4 0 125
30 38 75 4 0 125
44 68 86 4 0 125
33 52 72 4 0 125
33 52 72 1 1 125
25 52 112 4 0 125
25 52 112 1 1 125
40 48 109 3 0 125
42 74 83 2 0 125
40 93 101 3 0 125
31 66 76 7 0 125
31 66 76 1 1 125
65 22
57 58 75 3 0 350
30 37 57 3 0 350
35 74 79 3 0 350
74 99 104 5 0 350
74 99 104 1 1 350
31 46 55 1 0 350
33 98 99 4 0 350
33 98 99 1 1 350
44 74 115 4 0 350
44 74 115 1 1 350
21 67 107 2 0 350
55 76 81 5 0 350
55 76 81 1 1 350
27 84 118 4 0 350
38 60 67 2 0 350
49 53 67 3 0 350
38 43 74 1 0 350
62 81 89 6 0 350
62 81 89 1 1 350
51 72 72 4 0 350
51 72 72 1 1 350
23 33 40 1 0 350
66 23
35 54 75 3 0 416
49 60 107 4 0 416
44 71 78 2 0 416
27 61 78 2 0 416
48 73 78 2 0 416
32 87 109 1 0 416
25 87 91 4 0 416
47 51 67 2 0 416
60 63 67 5 0 416
60 63 67 1 1 416
34 59 115 4 0 416
34 59 115 1 1 416
34 35 102 3 0 416
48 54 117 1 0 416
40 61 70 6 0 416
40 61 70 1 1 416
59 63 64 2 0 416
63 87 95 1 0 416
23 92 113 7 0 416
23 92 113 1 1 416
32 49 113 2 0 416
63 75 99 3 0 416
46 55 56 2 0 416
67 31
42 68 105 4 0 255
42 68 105 1 1 255
24 37 75 6 0 255
24 37 75 1 1 255
26 73 79 4 0 255
26 73 79 1 1 255
38 53 95 4 0 255
38 53 95 1 1 255
40 41 50 7 0 255
40 41 50 1 1 255
52 59 80 2 0 255
35 74 90 3 0 255
60 60 87 3 0 255
39 50 68 8 0 255
39 50 68 1 1 255
25 64 78 4 0 255
38 48 83 5 0 255
38 48 83 1 1 255
44 76 87 2 0 255
26 38 60 4 0 255
26 38 60 1 1 255
64 65 82 4 0 255
38 48 52 8 0 255
38 48 52 2 1 255
63 91 95 4 0 255
63 91 95 1 1 255
25 75 111 4 0 255
25 75 111 1 1 255
36 81 117 4 0 255
38 45 67 5 0 255
38 45 67 1 1 255
68 26
45 84 86 3 0 486
34 45 81 4 0 486
34 45 81 1 1 486
52 61 71 7 0 486
52 61 71 1 1 486
40 73 78 3 0 486
46 63 69 3 0 486
56 67 72 6 0 486
56 67 72 1 1 486
36 75 75 2 0 486
50 88 94 2 0 486
50 51 65 4 0 486
46 56 81 4 0 486
46 56 81 1 1 486
27 44 68 5 0 486
27 44 68 1 1 486
45 52 108 2 0 486
44 80 114 3 0 486
22 39 84 5 0 486
22 39 84 1 1 486
30 58 62 4 0 486
30 58 62 1 1 486
33 68 86 4 0 486
22 52 59 1 0 486
21 33 42 3 0 486
38 74 110 2 0 486
69 23
42 68 105 4 0 107
42 68 105 1 1 107
24 37 75 1 0 107
26 73 79 3 0 107
38 53 95 3 0 107
40 41 50 2 0 107
52 59 80 4 0 107
52 59 80 1 1 107
35 74 90 3 0 107
60 60 87 1 0 107
39 50 68 1 0 107
25 64 78 1 0 107
52 65 73 2 0 107
38 48 83 4 0 107
44 76 87 2 0 107
26 38 60 1 0 107
64 65 82 3 0 107
38 48 52 4 0 107
63 91 95 4 0 107
25 75 111 5 0 107
25 75 111 1 1 107
36 81 117 3 0 107
38 45 67 2 0 107
70 28
26 49 87 2 0 56
44 53 68 4 0 56
33 57 73 3 0 56
47 49 65 5 0 56
47 49 65 1 1 56
35 65 80 4 0 56
26 35 72 2 0 56
40 68 75 6 0 56
40 68 75 1 1 56
34 53 104 5 0 56
34 53 104 1 1 56
45 93 97 5 0 56
45 93 97 1 1 56
49 54 79 8 0 56
49 54 79 1 1 56
27 32 52 4 0 56
27 32 52 1 1 56
59 72 84 3 0 56
53 71 74 8 0 56
53 71 74 1 1 56
27 70 102 4 0 56
27 70 102 1 1 56
52 79 80 4 0 56
35 87 102 4 0 56
27 31 70 5 0 56
27 31 70 1 1 56
51 57 60 1 0 56
38 76 84 2 0 56
71 24
45 84 86 3 0 205
34 45 81 4 0 205
37 54 70 3 0 205
52 61 71 1 0 205
40 73 78 6 0 205
40 73 78 1 1 205
46 63 69 2 0 205
56 67 72 4 0 205
36 75 75 4 0 205
50 88 94 4 0 205
50 88 94 1 1 205
50 51 65 4 0 205
50 51 65 1 1 205
46 56 81 4 0 205
27 44 68 4 0 205
45 52 108 4 0 205
45 52 108 1 1 205
44 80 114 2 0 205
22 39 84 2 0 205
30 58 62 3 0 205
33 68 86 3 0 205
22 52 59 4 0 205
21 33 42 4 0 205
38 74 110 4 0 205
72 29
31 66 68 2 0 287
26 34 120 4 0 287
26 34 120 1 1 287
60 76 95 4 0 287
34 47 61 2 0 287
36 45 53 2 0 287
42 52 80 2 0 287
28 63 109 6 0 287
28 63 109 1 1 287
35 64 74 7 0 287
35 64 74 1 1 287
36 40 53 7 0 287
36 40 53 1 1 287
59 96 102 3 0 287
47 60 64 3 0 287
32 90 99 4 0 287
43 50 76 4 0 287
43 50 76 1 1 287
25 75 90 5 0 287
25 75 90 1 1 287
37 65 94 4 0 287
37 65 94 1 1 287
28 34 117 3 0 287
24 28 39 1 0 287
42 60 92 6 0 287
42 60 92 1 1 287
49 78 102 3 0 287
46 69 82 6 0 287
46 69 82 1 1 287
73 25
36 58 86 5 0 128
36 58 86 1 1 128
22 69 71 2 0 128
54 78 108 1 0 128
57 58 104 3 0 128
58 65 96 4 0 128
26 37 58 4 0 128
49 72 73 3 0 128
56 67 98 5 0 128
56 67 98 1 1 128
23 89 117 3 0 128
73 76 109 4 0 128
34 61 95 3 0 128
49 73 106 4 0 128
35 39 66 1 0 128
43 76 82 5 0 128
43 76 82 1 1 128
26 87 93 1 0 128
63 64 68 4 0 128
63 64 68 1 1 128
30 53 70 3 0 128
30 65 68 2 0 128
26 57 94 5 0 128
26 57 94 1 1 128
38 79 104 3 0 128
74 25
41 71 86 2 0 111
58 58 75 7 0 111
58 58 75 1 1 111
24 42 59 3 0 111
30 37 69 2 0 111
36 50 63 4 0 111
34 72 96 4 0 111
29 71 111 5 0 111
29 71 111 1 1 111
53 67 102 4 0 111
53 67 102 1 1 111
32 34 71 6 0 111
32 34 71 1 1 111
53 75 88 3 0 111
42 46 50 2 0 111
41 70 84 4 0 111
41 70 84 1 1 111
44 48 98 6 0 111
44 48 98 1 1 111
25 43 54 4 0 111
25 43 54 1 1 111
49 61 63 1 0 111
51 96 106 3 0 111
26 64 97 2 0 111
39 62 68 3 0 111
75 19
33 52 91 2 0 461
63 81 87 1 0 461
45 79 113 2 0 461
45 52 114 3 0 461
66 90 110 1 0 461
37 67 108 4 0 461
57 82 118 1 0 461
30 60 96 4 0 461
36 42 43 2 0 461
77 78 93 3 0 461
25 62 85 1 0 461
30 83 93 1 0 461
77 87 101 3 0 461
56 72 112 4 0 461
56 72 112 1 1 461
31 39 49 1 0 461
38 67 100 2 0 461
41 59 76 2 0 461
34 68 91 1 0 461
76 23
28 94 100 1 0 200
66 78 81 2 0 200
21 49 111 3 0 200
37 63 119 5 0 200
37 63 119 1 1 200
30 50 72 4 0 200
30 50 72 1 1 200
40 58 58 3 0 200
29 55 108 4 0 200
29 55 108 1 1 200
44 46 69 2 0 200
61 71 88 2 0 200
35 58 83 4 0 200
37 77 108 4 0 200
57 62 108 2 0 200
31 61 73 3 0 200
43 46 92 3 0 200
51 53 62 4 0 200
20 69 79 5 0 200
20 69 79 1 1 200
38 39 74 2 0 200
28 70 92 4 0 200
61 73 78 4 0 200
77 23
36 44 60 2 0 250
40 42 76 7 0 250
40 42 76 1 1 250
48 49 65 2 0 250
51 92 109 2 0 250
31 42 93 1 0 250
59 64 83 3 0 250
55 90 96 3 0 250
31 42 52 3 0 250
61 72 98 2 0 250
57 98 118 2 0 250
25 31 48 4 0 250
25 31 48 1 1 250
50 67 75 3 0 250
32 66 120 2 0 250
65 76 91 3 0 250
49 71 102 4 0 250
49 71 102 1 1 250
59 89 93 1 0 250
23 48 76 2 0 250
23 53 63 3 0 250
27 59 83 2 0 250
53 69 85 2 0 250
78 30
52 59 62 4 0 32
50 52 54 5 0 32
50 52 54 1 1 32
65 69 102 2 0 32
46 76 97 4 0 32
46 76 97 1 1 32
37 50 52 4 0 32
37 50 52 1 1 32
23 85 93 4 0 32
23 85 93 1 1 32
38 38 90 8 0 32
38 38 90 1 1 32
40 60 66 4 0 32
26 31 38 4 0 32
26 31 38 1 1 32
36 60 86 3 0 32
34 47 92 7 0 32
34 47 92 1 1 32
22 69 103 1 0 32
42 71 79 4 0 32
42 71 79 1 1 32
20 33 66 6 0 32
20 33 66 1 1 32
45 93 100 2 0 32
21 84 91 5 0 32
21 84 91 1 1 32
29 47 92 4 0 32
40 55 76 4 0 32
53 90 98 3 0 32
53 75 81 3 0 32
79 20
63 70 90 2 0 425
28 78 84 3 0 425
39 85 94 2 0 425
54 76 80 3 0 425
45 50 69 3 0 425
37 57 70 4 0 425
54 61 94 4 0 425
29 44 92 3 0 425
37 53 72 4 0 425
27 43 89 1 0 425
28 44 91 1 0 425
68 76 78 4 0 425
33 61 84 1 0 425
39 40 107 2 0 425
69 75 114 2 0 425
48 55 57 3 0 425
47 57 99 4 0 425
44 66 92 1 0 425
42 48 73 3 0 425
39 46 99 4 0 425
80 21
71 80 82 2 0 113
27 37 66 1 0 113
31 76 77 2 0 113
38 56 100 2 0 113
67 86 93 4 0 113
30 76 89 4 0 113
67 90 98 2 0 113
42 52 87 3 0 113
35 42 53 4 0 113
35 42 53 1 1 113
36 53 116 3 0 113
46 79 85 4 0 113
24 91 106 3 0 113
46 84 112 2 0 113
47 56 89 3 0 113
39 51 62 2 0 113
50 67 69 1 0 113
46 74 93 3 0 113
35 48 74 3 0 113
66 87 95 2 0 113
30 54 84 2 0 113
81 27
58 72 78 4 0 320
57 57 107 5 0 320
57 57 107 1 1 320
37 64 72 4 0 320
26 66 93 6 0 320
26 66 93 1 1 320
35 67 116 5 0 320
35 67 116 1 1 320
39 56 101 5 0 320
39 56 101 1 1 320
39 100 108 4 0 320
33 55 64 5 0 320
33 55 64 1 1 320
53 65 73 4 0 320
35 41 106 4 0 320
28 78 82 3 0 320
58 59 79 4 0 320
22 84 92 3 0 320
50 65 80 1 0 320
24 77 82 6 0 320
24 77 82 1 1 320
51 73 74 4 0 320
51 73 74 1 1 320
40 43 90 4 0 320
40 43 90 1 1 320
30 32 69 1 0 320
53 69 107 1 0 320
82 25
32 40 60 4 0 202
55 75 98 3 0 202
39 59 60 4 0 202
40 56 81 2 0 202
25 34 119 3 0 202
42 61 107 1 0 202
20 85 108 3 0 202
45 66 97 4 0 202
26 35 66 2 0 202
20 32 69 2 0 202
38 63 78 5 0 202
38 63 78 1 1 202
47 77 95 3 0 202
30 34 40 6 0 202
30 34 40 1 1 202
20 42 88 4 0 202
69 84 103 7 0 202
69 84 103 1 1 202
34 72 119 4 0 202
47 61 115 8 0 202
47 61 115 1 1 202
28 50 68 1 0 202
24 63 71 4 0 202
24 63 71 1 1 202
40 68 87 4 0 202
83 33
31 33 100 4 0 110
31 33 100 1 1 110
42 68 84 6 0 110
42 68 84 1 1 110
31 84 95 4 0 110
30 39 57 6 0 110
30 39 57 1 1 110
60 71 76 6 0 110
60 71 76 1 1 110
46 68 71 6 0 110
46 68 71 1 1 110
26 51 109 3 0 110
45 54 109 2 0 110
29 55 84 2 0 110
20 66 104 5 0 110
20 66 104 1 1 110
39 76 119 4 0 110
39 76 119 1 1 110
43 74 75 6 0 110
43 74 75 1 1 110
26 36 84 4 0 110
26 36 84 1 1 110
32 45 77 4 0 110
32 45 77 1 1 110
42 57 75 3 0 110
42 50 51 3 0 110
41 59 63 5 0 110
41 59 63 1 1 110
34 70 71 2 0 110
66 71 74 5 0 110
66 71 74 1 1 110
30 31 38 7 0 110
30 31 38 1 1 110
84 30
31 66 68 4 0 76
31 66 68 1 1 76
26 34 120 4 0 76
26 34 120 1 1 76
60 76 95 4 0 76
60 76 95 1 1 76
34 47 61 3 0 76
36 45 53 3 0 76
42 52 80 4 0 76
28 63 109 5 0 76
28 63 109 1 1 76
35 64 74 3 0 76
36 40 53 5 0 76
36 40 53 1 1 76
59 96 102 4 0 76
47 60 64 4 0 76
47 60 64 1 1 76
32 90 99 4 0 76
32 90 99 1 1 76
43 50 76 4 0 76
25 75 90 4 0 76
25 75 90 1 1 76
37 65 94 6 0 76
37 65 94 1 1 76
28 34 117 8 0 76
28 34 117 1 1 76
24 28 39 4 0 76
42 60 92 2 0 76
49 78 102 4 0 76
46 69 82 2 0 76
85 25
26 39 41 2 0 577
52 77 94 2 0 577
71 96 119 2 0 577
47 63 67 2 0 577
31 43 61 4 0 577
35 53 72 4 0 577
35 53 72 1 1 577
38 38 64 4 0 577
45 71 110 2 0 577
52 71 73 3 0 577
55 92 95 2 0 577
31 74 86 7 0 577
31 74 86 1 1 577
52 62 99 4 0 577
52 62 99 1 1 577
31 44 81 4 0 577
31 44 81 1 1 577
70 94 113 2 0 577
30 34 63 7 0 577
30 34 63 1 1 577
28 43 111 5 0 577
28 43 111 1 1 577
28 35 48 7 0 577
28 35 48 1 1 577
38 53 97 1 0 577
86 24
69 73 75 6 0 614
69 73 75 1 1 614
40 56 66 4 0 614
40 56 66 1 1 614
41 51 64 1 0 614
28 52 90 6 0 614
28 52 90 1 1 614
28 33 73 3 0 614
60 76 91 2 0 614
28 45 54 2 0 614
56 81 107 2 0 614
44 53 63 1 0 614
50 75 88 4 0 614
50 75 88 1 1 614
20 76 79 1 0 614
66 71 116 2 0 614
35 52 84 2 0 614
22 56 61 3 0 614
31 53 54 2 0 614
53 85 86 4 0 614
29 71 84 2 0 614
41 52 80 2 0 614
26 33 83 1 0 614
38 60 99 3 0 614
87 22
30 42 77 3 0 481
32 58 61 4 0 481
61 77 92 6 0 481
61 77 92 1 1 481
27 44 58 4 0 481
50 72 108 2 0 481
71 72 93 5 0 481
71 72 93 1 1 481
30 49 111 1 0 481
49 66 79 1 0 481
39 74 85 2 0 481
33 34 106 3 0 481
76 91 113 1 0 481
43 49 57 3 0 481
27 80 103 3 0 481
31 66 74 1 0 481
67 83 110 4 0 481
67 83 110 1 1 481
36 56 119 2 0 481
22 87 97 1 0 481
25 31 53 4 0 481
25 31 53 1 1 481
88 25
27 35 68 2 0 128
43 57 118 2 0 128
36 72 73 4 0 128
50 58 85 2 0 128
33 56 86 3 0 128
31 44 99 4 0 128
49 54 93 5 0 128
49 54 93 1 1 128
26 69 89 2 0 128
74 90 98 1 0 128
46 48 58 5 0 128
46 48 58 1 1 128
22 55 56 3 0 128
59 63 104 3 0 128
66 69 80 2 0 128
58 59 110 5 0 128
58 59 110 1 1 128
63 79 96 3 0 128
57 77 82 5 0 128
57 77 82 1 1 128
34 48 55 5 0 128
34 48 55 1 1 128
40 99 120 3 0 128
34 43 97 3 0 128
55 68 115 3 0 128
89 24
64 68 109 3 0 238
55 58 84 1 0 238
24 83 96 2 0 238
37 67 74 4 0 238
70 73 107 2 0 238
54 73 80 4 0 238
33 41 72 1 0 238
74 79 84 6 0 238
74 79 84 1 1 238
20 37 40 3 0 238
42 73 74 2 0 238
33 48 55 4 0 238
33 48 55 1 1 238
70 74 109 3 0 238
39 44 107 4 0 238
39 44 107 1 1 238
47 51 99 5 0 238
47 51 99 1 1 238
38 62 80 1 0 238
37 43 46 2 0 238
36 69 94 3 0 238
48 64 98 3 0 238
52 76 113 5 0 238
52 76 113 1 1 238
90 20
33 95 102 1 0 68
30 38 117 3 0 68
57 73 75 2 0 68
34 36 86 1 0 68
62 81 101 4 0 68
62 81 101 1 1 68
65 66 90 1 0 68
30 30 65 3 0 68
37 46 61 3 0 68
45 52 96 2 0 68
54 93 103 3 0 68
68 84 110 4 0 68
27 30 92 1 0 68
33 48 116 3 0 68
40 43 70 4 0 68
40 43 70 1 1 68
54 64 87 4 0 68
54 64 87 1 1 68
32 82 88 1 0 68
45 76 102 1 0 68
91 25
33 92 113 1 0 14
28 37 52 4 0 14
29 33 57 4 0 14
30 37 99 3 0 14
33 64 92 4 0 14
39 59 119 1 0 14
49 52 54 2 0 14
35 45 75 3 0 14
44 68 79 4 0 14
44 68 79 1 1 14
47 49 116 4 0 14
23 44 83 6 0 14
23 44 83 1 1 14
56 96 98 4 0 14
56 96 98 1 1 14
57 72 78 3 0 14
47 88 98 2 0 14
31 33 41 4 0 14
31 33 41 1 1 14
34 35 59 1 0 14
37 78 83 6 0 14
37 78 83 1 1 14
33 34 68 2 0 14
49 69 103 4 0 14
32 53 97 1 0 14
92 24
47 66 118 2 0 32
25 56 99 4 0 32
48 83 91 2 0 32
40 66 104 2 0 32
33 60 75 2 0 32
60 78 113 5 0 32
60 78 113 1 1 32
29 36 36 2 0 32
40 48 56 2 0 32
22 40 67 2 0 32
64 78 92 2 0 32
31 61 73 1 0 32
58 66 72 4 0 32
58 66 72 1 1 32
26 44 56 3 0 32
34 65 93 6 0 32
34 65 93 1 1 32
50 63 113 4 0 32
31 34 35 1 0 32
80 99 100 5 0 32
80 99 100 1 1 32
20 69 105 4 0 32
38 60 77 1 0 32
30 69 98 4 0 32
93 26
52 59 62 3 0 289
50 52 54 3 0 289
65 69 102 4 0 289
46 76 97 3 0 289
37 50 52 3 0 289
23 85 93 3 0 289
38 38 90 4 0 289
38 38 90 1 1 289
40 60 66 3 0 289
26 31 38 2 0 289
36 60 86 5 0 289
36 60 86 1 1 289
34 47 92 3 0 289
22 69 103 5 0 289
22 69 103 1 1 289
42 71 79 5 0 289
42 71 79 1 1 289
20 33 66 4 0 289
45 93 100 3 0 289
21 84 91 3 0 289
29 47 92 2 0 289
40 55 76 3 0 289
53 90 98 4 0 289
53 90 98 1 1 289
53 75 81 5 0 289
53 75 81 1 1 289
94 34
42 54 118 5 0 275
42 54 118 1 1 275
20 95 112 4 0 275
20 95 112 1 1 275
37 38 118 3 0 275
38 38 76 5 0 275
38 38 76 1 1 275
34 56 100 4 0 275
34 56 100 1 1 275
50 73 100 5 0 275
50 73 100 1 1 275
36 58 75 3 0 275
41 51 76 2 0 275
39 75 82 4 0 275
44 76 84 2 0 275
50 68 80 4 0 275
50 68 80 1 1 275
28 46 61 7 0 275
28 46 61 1 1 275
51 75 80 4 0 275
51 75 80 1 1 275
49 62 92 5 0 275
49 62 92 1 1 275
21 48 72 5 0 275
21 48 72 1 1 275
33 37 54 4 0 275
33 37 54 1 1 275
34 37 46 5 0 275
34 37 46 1 1 275
24 37 109 5 0 275
24 37 109 1 1 275
33 56 63 5 0 275
33 56 63 1 1 275
61 62 111 3 0 275
95 24
50 63 70 5 0 273
50 63 70 1 1 273
34 53 100 3 0 273
48 55 100 4 0 273
50 73 98 3 0 273
43 45 69 4 0 273
36 42 43 2 0 273
63 92 104 2 0 273
26 36 93 2 0 273
41 45 50 4 0 273
50 67 119 5 0 273
50 67 119 1 1 273
30 49 82 4 0 273
31 55 80 3 0 273
37 73 105 5 0 273
37 73 105 1 1 273
42 76 76 4 0 273
42 76 76 1 1 273
22 96 102 3 0 273
36 99 120 6 0 273
36 99 120 1 1 273
58 70 89 3 0 273
46 54 60 3 0 273
35 38 120 3 0 273
96 31
31 66 68 5 0 115
31 66 68 1 1 115
26 34 120 4 0 115
26 34 120 1 1 115
60 76 95 2 0 115
34 47 61 3 0 115
36 45 53 3 0 115
42 52 80 5 0 115
42 52 80 1 1 115
28 63 109 5 0 115
28 63 109 1 1 115
35 64 74 7 0 115
35 64 74 1 1 115
36 40 53 5 0 115
36 40 53 1 1 115
59 96 102 3 0 115
47 60 64 7 0 115
47 60 64 1 1 115
32 90 99 7 0 115
32 90 99 1 1 115
43 50 76 4 0 115
43 50 76 1 1 115
25 75 90 2 0 115
37 65 94 2 0 115
28 34 117 1 0 115
24 28 39 5 0 115
24 28 39 1 1 115
42 60 92 7 0 115
42 60 92 1 1 115
49 78 102 3 0 115
46 69 82 4 0 115
97 24
30 76 108 1 0 193
25 43 110 2 0 193
55 81 92 3 0 193
28 33 81 3 0 193
73 99 120 2 0 193
48 70 111 3 0 193
46 72 98 3 0 193
31 66 95 4 0 193
31 66 95 1 1 193
30 84 85 4 0 193
30 84 85 1 1 193
25 32 71 3 0 193
25 34 36 2 0 193
62 67 97 3 0 193
23 25 33 2 0 193
26 27 95 6 0 193
26 27 95 1 1 193
44 81 94 3 0 193
38 39 41 2 0 193
65 74 104 2 0 193
36 41 52 4 0 193
36 41 52 1 1 193
34 78 104 2 0 193
46 77 83 4 0 193
98 26
58 72 78 4 0 133
57 57 107 4 0 133
37 64 72 4 0 133
37 64 72 1 1 133
26 66 93 3 0 133
35 67 116 4 0 133
35 67 116 1 1 133
39 56 101 2 0 133
39 100 108 3 0 133
33 55 64 7 0 133
33 55 64 1 1 133
53 65 73 4 0 133
53 65 73 1 1 133
35 41 106 5 0 133
35 41 106 1 1 133
28 78 82 3 0 133
58 59 79 2 0 133
22 84 92 2 0 133
50 65 80 2 0 133
24 77 82 4 0 133
51 73 74 3 0 133
40 43 90 3 0 133
51 70 98 5 0 133
51 70 98 1 1 133
30 32 69 2 0 133
53 69 107 3 0 133
99 25
46 71 83 7 0 134
46 71 83 1 1 134
54 63 76 4 0 134
54 63 76 1 1 134
40 56 91 2 0 134
34 42 61 6 0 134
34 42 61 1 1 134
47 67 84 1 0 134
57 79 95 4 0 134
57 79 95 1 1 134
23 80 90 1 0 134
28 43 69 2 0 134
48 69 72 4 0 134
58 64 83 3 0 134
24 94 99 4 0 134
24 94 99 1 1 134
53 69 96 3 0 134
43 71 99 1 0 134
27 71 72 4 0 134
22 37 59 4 0 134
44 56 86 5 0 134
44 56 86 1 1 134
41 55 80 4 0 134
41 55 80 1 1 134
30 58 78 1 0 134
100 21
66 77 97 4 0 278
69 69 81 2 0 278
24 53 109 6 0 278
24 53 109 1 1 278
20 33 98 4 0 278
34 56 86 2 0 278
35 50 76 4 0 278
22 42 109 4 0 278
42 69 82 3 0 278
31 43 58 2 0 278
48 80 99 4 0 278
39 68 89 3 0 278
40 53 74 2 0 278
32 43 97 1 0 278
51 70 112 6 0 278
51 70 112 1 1 278
20 29 73 2 0 278
68 72 74 2 0 278
58 64 70 3 0 278
38 62 90 3 0 278
53 65 113 2 0 278
// node 1 node 2 distance
0	1	15.2
0	2	18.0
0	3	22.4
0	4	25.0
0	5	20.6
0	6	11.2
0	7	21.2
0	8	26.2
0	9	32.0
0	10	25.5
0	11	33.5
0	12	15.0
0	13	11.2
0	14	32.0
0	15	30.4
0	16	29.2
0	17	30.4
0	18	15.8
0	19	32.0
0	20	31.6
0	21	18.0
0	22	26.9
0	23	36.1
0	24	30.0
0	25	33.5
0	26	11.2
0	27	5.0
0	28	6.3
0	29	29.8
0	30	25.5
0	31	17.5
0	32	34.0
0	33	24.8
0	34	36.1
0	35	41.0
0	36	41.4
0	37	21.2
0	38	42.4
0	39	34.0
0	40	11.2
0	41	28.9
0	42	25.5
0	43	34.2
0	44	31.9
0	45	29.2
0	46	35.5
0	47	34.2
0	48	27.8
0	49	43.9
0	50	17.0
0	51	26.9
0	52	11.3
0	53	4.5
0	54	22.8
0	55	30.5
0	56	29.2
0	57	23.2
0	58	9.1
0	59	17.8
0	60	18.0
0	61	25.5
0	62	25.5
0	63	34.9
0	64	46.5
0	65	49.9
0	66	40.5
0	67	43.9
0	68	21.4
0	69	12.2
0	70	21.1
0	71	39.7
0	72	22.5
0	73	20.1
0	74	24.6
0	75	27.8
0	76	15.7
0	77	19.7
0	78	31.1
0	79	25.6
0	80	21.1
0	81	27.6
0	82	23.3
0	83	21.1
0	84	24.3
0	85	23.0
0	86	35.4
0	87	18.4
0	88	19.2
0	89	9.0
0	90	32.2
0	91	25.6
0	92	18.4
0	93	20.2
0	94	12.0
0	95	14.9
0	96	15.3
0	97	17.2
0	98	21.3
0	99	17.5
0	100	24.0
1	2	32.6
1	3	14.6
1	4	32.2
1	5	32.2
1	6	24.8
1	7	21.0
1	8	31.6
1	9	17.8
1	10	15.6
1	11	26.4
1	12	16.6
1	13	26.4
1	14	46.9
1	15	45.4
1	16	42.4
1	17	40.7
1	18	22.8
1	19	28.2
1	20	16.5
1	21	29.3
1	22	39.2
1	23	46.2
1	24	27.8
1	25	37.6
1	26	19.4
1	27	10.8
1	28	12.0
1	29	24.0
1	30	11.0
1	31	10.4
1	32	20.9
1	33	12.4
1	34	24.7
1	35	27.2
1	36	40.5
1	37	35.8
1	38	56.9
1	39	41.6
1	40	24.0
1	41	42.0
1	42	40.7
1	43	49.4
1	44	46.1
1	45	36.7
1	46	39.0
1	47	33.7
1	48	28.2
1	49	39.8
1	50	6.3
1	51	12.0
1	52	15.2
1	53	18.4
1	54	25.6
1	55	34.1
1	56	38.9
1	57	38.1
1	58	23.5
1	59	32.0
1	60	28.3
1	61	38.3
1	62	19.2
1	63	24.4
1	64	38.2
1	65	35.0
1	66	25.3
1	67	51.1
1	68	18.0
1	69	4.5
1	70	8.1
1	71	24.8
1	72	33.5
1	73	32.1
1	74	36.3
1	75	38.8
1	76	10.6
1	77	13.4
1	78	20.2
1	79	16.0
1	80	19.2
1	81	14.9
1	82	26.1
1	83	29.5
1	84	35.0
1	85	36.8
1	86	48.3
1	87	33.6
1	88	15.3
1	89	20.5
1	90	20.6
1	91	39.7
1	92	33.0
1	93	34.0
1	94	26.6
1	95	29.7
1	96	29.1
1	97	32.2
1	98	35.6
1	99	31.1
1	100	38.6
2	3	34.4
2	4	20.2
2	5	23.9
2	6	16.4
2	7	36.2
2	8	36.1
2	9	47.4
2	10	43.3
2	11	50.3
2	12	23.4
2	13	9.4
2	14	21.2
2	15	13.0
2	16	25.2
2	17	32.7
2	18	27.5
2	19	47.4
2	20	49.0
2	21	10.4
2	22	12.2
2	23	23.3
2	24	35.0
2	25	30.1
2	26	16.4
2	27	23.0
2	28	20.9
2	29	38.3
2	30	43.3
2	31	35.2
2	32	52.0
2	33	39.4
2	34	48.4
2	35	55.6
2	36	54.2
2	37	15.3
2	38	32.3
2	39	25.5
2	40	9.4
2	41	12.2
2	42	12.1
2	43	18.4
2	44	24.2
2	45	35.8
2	46	45.3
2	47	47.4
2	48	41.3
2	49	58.7
2	50	32.3
2	51	43.3
2	52	27.2
2	53	14.1
2	54	25.1
2	55	28.6
2	56	18.7
2	57	5.8
2	58	9.1
2	59	15.7
2	60	24.8
2	61	24.0
2	62	42.4
2	63	52.6
2	64	63.2
2	65	65.8
2	66	57.7
2	67	34.2
2	68	30.4
2	69	30.1
2	70	39.1
2	71	55.5
2	72	12.0
2	73	9.0
2	74	11.7
2	75	15.2
2	76	28.7
2	77	31.6
2	78	43.6
2	79	38.0
2	80	29.0
2	81	42.1
2	82	36.1
2	83	29.0
2	84	27.8
2	85	19.6
2	86	31.0
2	87	7.1
2	88	36.1
2	89	20.1
2	90	50.2
2	91	20.1
2	92	13.9
2	93	18.4
2	94	13.5
2	95	12.2
2	96	16.4
2	97	10.8
2	98	16.5
2	99	17.5
2	100	17.0
3	4	25.0
3	5	42.7
3	6	33.5
3	7	35.4
3	8	45.0
3	9	15.0
3	10	29.2
3	11	40.3
3	12	11.2
3	13	32.0
3	14	53.2
3	15	47.2
3	16	51.5
3	17	52.2
3	18	35.4
3	19	42.7
3	20	22.4
3	21	26.9
3	22	36.4
3	23	40.0
3	24	14.1
3	25	26.9
3	26	18.0
3	27	20.6
3	28	16.1
3	29	9.5
3	30	21.2
3	31	25.0
3	32	31.2
3	33	7.3
3	34	14.1
3	35	21.5
3	36	55.1
3	37	43.0
3	38	64.0
3	39	33.4
3	40	25.0
3	41	40.2
3	42	45.3
3	43	52.8
3	44	53.8
3	45	49.5
3	46	53.1
3	47	48.3
3	48	42.6
3	49	54.1
3	50	8.2
3	51	14.3
3	52	28.1
3	53	22.8
3	54	16.1
3	55	23.4
3	56	33.1
3	57	40.2
3	58	26.9
3	59	40.0
3	60	39.6
3	61	47.9
3	62	33.6
3	63	36.9
3	64	51.2
3	65	32.8
3	66	28.6
3	67	41.8
3	68	6.1
3	69	18.1
3	70	21.1
3	71	23.1
3	72	30.1
3	73	30.1
3	74	33.2
3	75	34.5
3	76	6.7
3	77	2.8
3	78	9.2
3	79	3.6
3	80	8.1
3	81	9.0
3	82	40.0
3	83	41.8
3	84	46.2
3	85	45.3
3	86	57.7
3	87	38.2
3	88	29.8
3	89	30.7
3	90	32.6
3	91	47.7
3	92	40.2
3	93	42.5
3	94	34.1
3	95	36.6
3	96	37.6
3	97	38.4
3	98	43.3
3	99	39.8
3	100	45.8
4	5	41.2
4	6	31.6
4	7	46.1
4	8	50.5
4	9	40.0
4	10	47.2
4	11	57.0
4	12	15.8
4	13	25.5
4	14	41.2
4	15	29.2
4	16	45.0
4	17	51.0
4	18	40.3
4	19	56.6
4	20	46.1
4	21	10.0
4	22	14.1
4	23	15.0
4	24	18.0
4	25	10.0
4	26	14.1
4	27	28.3
4	28	22.0
4	29	23.8
4	30	42.7
4	31	40.0
4	32	52.9
4	33	32.1
4	34	36.4
4	35	45.7
4	36	66.4
4	37	35.0
4	38	52.2
4	39	9.4
4	40	15.8
4	41	18.4
4	42	32.0
4	43	36.2
4	44	44.4
4	45	52.2
4	46	59.9
4	47	59.2
4	48	52.8
4	49	68.6
4	50	28.2
4	51	38.5
4	52	36.2
4	53	21.1
4	54	9.2
4	55	8.5
4	56	8.2
4	57	24.4
4	58	19.9
4	59	34.2
4	60	40.5
4	61	43.2
4	62	49.0
4	63	56.4
4	64	69.6
4	65	57.4
4	66	53.3
4	67	19.2
4	68	19.0
4	69	32.4
4	70	40.2
4	71	48.0
4	72	8.9
4	73	11.4
4	74	11.4
4	75	10.8
4	76	22.8
4	77	23.1
4	78	32.6
4	79	28.1
4	80	17.0
4	81	34.0
4	82	48.3
4	83	44.4
4	84	45.4
4	85	39.1
4	86	51.0
4	87	27.1
4	88	43.2
4	89	32.6
4	90	52.8
4	91	40.0
4	92	33.1
4	93	37.2
4	94	29.8
4	95	30.3
4	96	33.7
4	97	30.0
4	98	36.0
4	99	35.5
4	100	37.1
5	6	10.0
5	7	20.6
5	8	13.9
5	9	50.0
5	10	33.5
5	11	35.4
5	12	35.4
5	13	15.8
5	14	20.0
5	15	29.2
5	16	11.2
5	17	10.0
5	18	11.2
5	19	30.0
5	20	46.1
5	21	31.6
5	22	36.1
5	23	47.2
5	24	50.2
5	25	51.0
5	26	30.0
5	27	22.4
5	28	26.9
5	29	50.4
5	30	39.1
5	31	27.2
5	32	43.8
5	33	43.9
5	34	55.9
5	35	59.4
5	36	32.7
5	37	11.2
5	38	26.9
5	39	48.5
5	40	25.5
5	41	35.5
5	42	20.1
5	43	28.2
5	44	16.5
5	45	12.0
5	46	22.2
5	47	26.9
5	48	22.1
5	49	39.1
5	50	36.2
5	51	44.0
5	52	17.7
5	53	22.0
5	54	42.0
5	55	48.5
5	56	42.0
5	57	24.8
5	58	21.4
5	59	8.5
5	60	4.5
5	61	6.7
5	62	29.4
5	63	40.8
5	64	47.0
5	65	66.5
5	66	54.8
5	67	57.7
5	68	42.0
5	69	27.8
5	70	34.1
5	71	56.6
5	72	34.9
5	73	31.8
5	74	35.4
5	75	38.9
5	76	36.1
5	77	40.2
5	78	51.0
5	79	45.7
5	80	41.6
5	81	46.6
5	82	17.0
5	83	7.1
5	84	4.1
5	85	8.1
5	86	16.3
5	87	17.7
5	88	24.6
5	89	12.1
5	90	40.3
5	91	11.0
5	92	10.6
5	93	6.7
5	94	11.4
5	95	11.7
5	96	7.6
5	97	13.5
5	98	9.8
5	99	6.4
5	100	12.4
6	7	20.6
6	8	19.8
6	9	42.4
6	10	30.4
6	11	35.4
6	12	25.5
6	13	7.1
6	14	22.4
6	15	25.5
6	16	18.0
6	17	20.0
6	18	11.2
6	19	31.6
6	20	40.3
6	21	22.4
6	22	28.3
6	23	39.1
6	24	40.3
6	25	41.2
6	26	20.0
6	27	14.1
6	28	17.5
6	29	40.8
6	30	33.5
6	31	22.8
6	32	40.3
6	33	35.6
6	34	47.2
6	35	51.7
6	36	37.8
6	37	11.2
6	38	32.0
6	39	39.4
6	40	15.8
6	41	28.6
6	42	18.0
6	43	27.1
6	44	21.3
6	45	20.6
6	46	29.2
6	47	31.1
6	48	25.1
6	49	42.5
6	50	27.8
6	51	36.9
6	52	13.2
6	53	12.0
6	54	32.0
6	55	38.6
6	56	33.3
6	57	19.3
6	58	11.7
6	59	7.2
6	60	8.9
6	61	14.3
6	62	28.0
6	63	39.1
6	64	48.1
6	65	59.8
6	66	49.2
6	67	48.9
6	68	32.3
6	69	20.8
6	70	28.6
6	71	49.7
6	72	26.1
6	73	23.0
6	74	27.0
6	75	30.6
6	76	26.8
6	77	30.9
6	78	42.2
6	79	36.7
6	80	31.8
6	81	38.4
6	82	19.7
6	83	13.0
6	84	14.0
6	85	12.0
6	86	24.2
6	87	12.4
6	88	22.0
6	89	5.1
6	90	37.5
6	91	14.9
6	92	8.5
6	93	9.2
6	94	3.2
6	95	6.0
6	96	4.2
6	97	9.0
6	98	10.8
6	99	6.4
6	100	13.9
7	8	12.2
7	9	36.4
7	10	14.1
7	11	15.0
7	12	33.5
7	13	26.9
7	14	40.3
7	15	46.1
7	16	31.6
7	17	25.0
7	18	10.0
7	19	11.2
7	20	29.2
7	21	39.1
7	22	47.2
7	23	57.0
7	24	47.4
7	25	54.1
7	26	32.0
7	27	18.0
7	28	24.7
7	29	44.7
7	30	22.4
7	31	11.2
7	32	24.2
7	33	33.1
7	34	45.3
7	35	45.5
7	36	20.6
7	37	30.0
7	38	47.4
7	39	55.2
7	40	32.0
7	41	48.3
7	42	38.2
7	43	47.1
7	44	37.1
7	45	18.4
7	46	18.1
7	47	13.4
7	48	7.3
7	49	22.8
7	50	27.2
7	51	30.1
7	52	9.9
7	53	25.5
7	54	42.5
7	55	50.8
7	56	50.3
7	57	39.8
7	58	28.8
7	59	26.0
7	60	16.3
7	61	27.2
7	62	8.9
7	63	20.2
7	64	27.5
7	65	49.9
7	66	37.0
7	67	65.1
7	68	37.6
7	69	17.3
7	70	18.0
7	71	41.1
7	72	43.4
7	73	40.8
7	74	45.2
7	75	48.6
7	76	30.1
7	77	33.7
7	78	41.0
7	79	37.1
7	80	38.3
7	81	35.2
7	82	5.8
7	83	14.3
7	84	21.0
7	85	28.3
7	86	35.8
7	87	33.0
7	88	6.3
7	89	16.2
7	90	20.2
7	91	31.4
7	92	28.1
7	93	26.1
7	94	23.8
7	95	26.5
7	96	23.1
7	97	29.4
7	98	29.0
7	99	24.0
7	100	32.1
8	9	48.1
8	10	26.2
8	11	24.2
8	12	40.8
8	13	26.9
8	14	33.4
8	15	42.9
8	16	23.0
8	17	13.9
8	18	10.4
8	19	17.7
8	20	41.3
8	21	41.9
8	22	48.1
8	23	58.9
8	24	55.6
8	25	59.6
8	26	37.3
8	27	25.2
8	28	31.6
8	29	54.0
8	30	34.5
8	31	22.8
8	32	36.1
8	33	43.9
8	34	56.3
8	35	57.4
8	36	18.8
8	37	25.1
8	38	38.3
8	39	58.8
8	40	35.0
8	41	48.2
8	42	34.0
8	43	42.1
8	44	29.0
8	45	6.4
8	46	9.4
8	47	13.2
8	48	9.5
8	49	25.3
8	50	37.2
8	51	41.8
8	52	17.0
8	53	29.5
8	54	49.0
8	55	56.6
8	56	53.0
8	57	38.0
8	58	31.1
8	59	22.0
8	60	11.4
8	61	19.1
8	62	20.5
8	63	31.1
8	64	34.4
8	65	62.1
8	66	49.2
8	67	68.5
8	68	46.2
8	69	27.3
8	70	30.0
8	71	53.2
8	72	45.8
8	73	42.8
8	74	46.9
8	75	50.4
8	76	39.0
8	77	43.0
8	78	51.8
8	79	47.3
8	80	46.4
8	81	46.3
8	82	6.4
8	83	7.2
8	84	12.0
8	85	21.8
8	86	25.7
8	87	30.8
8	88	18.4
8	89	17.9
8	90	31.9
8	91	24.5
8	92	24.2
8	93	20.6
8	94	22.6
8	95	24.2
8	96	20.0
8	97	26.6
8	98	23.8
8	99	19.7
8	100	26.2
9	10	25.0
9	11	35.4
9	12	25.5
9	13	43.0
9	14	64.0
9	15	60.4
9	16	60.2
9	17	58.3
9	18	40.3
9	19	40.0
9	20	11.2
9	21	41.2
9	22	51.0
9	23	55.0
9	24	26.9
9	25	41.2
9	26	31.6
9	27	28.3
9	28	26.9
9	29	20.1
9	30	15.0
9	31	25.3
9	32	21.9
9	33	8.2
9	34	11.2
9	35	9.4
9	36	53.0
9	37	53.2
9	38	74.3
9	39	48.3
9	40	38.1
9	41	54.6
9	42	57.1
9	43	65.4
9	44	63.7
9	45	53.7
9	46	54.3
9	47	47.2
9	48	42.8
9	49	49.6
9	50	15.3
9	51	6.3
9	52	32.8
9	53	34.1
9	54	31.1
9	55	37.9
9	56	48.0
9	57	53.2
9	58	38.9
9	59	49.5
9	60	46.0
9	61	56.1
9	62	31.1
9	63	29.4
9	64	43.5
9	65	18.4
9	66	14.3
9	67	56.3
9	68	21.0
9	69	22.2
9	70	18.4
9	71	8.2
9	72	44.7
9	73	44.4
9	74	47.9
9	75	49.4
9	76	19.0
9	77	17.1
9	78	10.0
9	79	12.2
9	80	23.0
9	81	6.0
9	82	42.1
9	83	47.0
9	84	52.7
9	85	54.5
9	86	66.1
9	87	49.9
9	88	30.1
9	89	38.3
9	90	25.0
9	91	57.3
9	92	50.3
9	93	51.6
9	94	43.9
9	95	46.9
9	96	46.7
9	97	49.2
9	98	53.1
9	99	48.8
9	100	56.0
10	11	11.2
10	12	32.0
10	13	35.0
10	14	52.2
10	15	55.0
10	16	44.7
10	17	39.1
10	18	22.4
10	19	15.0
10	20	15.8
10	21	42.7
10	22	52.2
10	23	60.4
10	24	43.0
10	25	53.2
10	26	33.5
10	27	20.6
10	28	25.5
10	29	38.5
10	30	10.0
10	31	8.1
10	32	10.3
10	33	24.4
10	34	35.4
10	35	33.4
10	36	28.0
10	37	41.2
10	38	60.4
10	39	56.6
10	40	36.4
10	41	54.3
10	42	48.4
10	43	57.4
10	44	49.8
10	45	32.6
10	46	30.5
10	47	22.4
10	48	18.8
10	49	25.3
10	50	21.4
10	51	19.1
10	52	17.3
10	53	29.8
10	54	41.1
10	55	49.6
10	56	53.2
10	57	48.0
10	58	34.5
10	59	37.1
10	60	29.1
10	61	40.2
10	62	6.3
10	63	9.5
10	64	22.7
10	65	36.2
10	66	23.0
10	67	66.3
10	68	33.4
10	69	14.8
10	70	8.1
10	71	28.2
10	72	47.2
10	73	45.2
10	74	49.6
10	75	52.6
10	76	26.2
10	77	28.6
10	78	32.0
10	79	29.5
10	80	34.7
10	81	25.7
10	82	19.8
10	83	28.0
10	84	34.7
10	85	40.5
10	86	49.4
10	87	42.0
10	88	8.9
10	89	25.3
10	90	7.1
10	91	43.7
10	92	38.8
10	93	37.9
10	94	33.2
10	95	36.3
10	96	34.0
10	97	39.3
10	98	40.5
10	99	35.4
10	100	43.7
11	12	42.4
11	13	41.2
11	14	55.2
11	15	60.8
11	16	46.1
11	17	38.1
11	18	25.0
11	19	7.1
11	20	25.0
11	21	51.5
11	22	60.4
11	23	69.5
11	24	54.1
11	25	63.6
11	26	43.0
11	27	29.2
11	28	35.0
11	29	49.6
11	30	20.6
11	31	17.0
11	32	15.5
11	33	35.5
11	34	46.1
11	35	43.0
11	36	18.7
11	37	45.0
11	38	61.8
11	39	66.4
11	40	44.7
11	41	62.0
11	42	53.2
11	43	62.1
11	44	51.8
11	45	30.4
11	46	24.8
11	47	15.0
11	48	14.8
11	49	14.3
11	50	32.4
11	51	29.8
11	52	23.1
11	53	38.0
11	54	51.6
11	55	60.1
11	56	62.4
11	57	54.3
11	58	42.2
11	59	41.0
11	60	31.1
11	61	41.8
11	62	8.1
11	63	8.1
11	64	13.0
11	65	43.7
11	66	30.1
11	67	76.2
11	68	44.4
11	69	24.8
11	70	19.2
11	71	37.1
11	72	55.9
11	73	53.7
11	74	58.1
11	75	61.3
11	76	37.0
11	77	39.7
11	78	43.0
11	79	40.7
11	80	45.6
11	81	36.7
11	82	18.7
11	83	28.6
11	84	35.2
11	85	43.2
11	86	49.6
11	87	47.7
11	88	14.3
11	89	30.6
11	90	11.2
11	91	46.3
11	92	43.0
11	93	41.0
11	94	38.5
11	95	41.3
11	96	38.1
11	97	44.3
11	98	44.0
11	99	39.0
11	100	47.0
12	13	22.4
12	14	43.0
12	15	36.1
12	16	42.7
12	17	45.3
12	18	30.4
12	19	43.0
12	20	30.4
12	21	15.8
12	22	25.5
12	23	30.4
12	24	15.0
12	25	21.2
12	26	7.1
12	27	15.8
12	28	9.2
12	29	15.7
12	30	26.9
12	31	25.5
12	32	37.2
12	33	17.3
12	34	25.0
12	35	32.7
12	36	54.1
12	37	33.5
12	38	54.1
12	39	25.1
12	40	14.1
12	41	29.1
12	42	34.7
12	43	41.9
12	44	44.3
12	45	44.1
12	46	49.7
12	47	47.0
12	48	40.7
12	49	55.0
12	50	12.4
12	51	23.0
12	52	24.4
12	53	13.6
12	54	9.2
12	55	17.7
12	56	23.2
12	57	29.2
12	58	16.6
12	59	31.0
12	60	33.0
12	61	39.6
12	62	34.7
12	63	41.0
12	64	54.7
12	65	43.7
12	66	38.0
12	67	34.5
12	68	7.2
12	69	17.7
12	70	24.7
12	71	33.7
12	72	19.2
12	73	19.0
12	74	22.4
12	75	24.0
12	76	7.1
12	77	8.5
12	78	20.2
12	79	14.8
12	80	6.3
12	81	19.6
12	82	37.0
12	83	36.1
12	84	39.2
12	85	36.4
12	86	49.0
12	87	27.8
12	88	29.4
12	89	24.0
12	90	37.2
12	91	38.5
12	92	30.9
12	93	33.8
12	94	25.3
12	95	27.3
12	96	29.1
12	97	28.7
12	98	34.0
12	99	31.3
12	100	36.2
13	14	21.2
13	15	20.0
13	16	20.6
13	17	25.5
13	18	18.0
13	19	38.1
13	20	42.7
13	21	15.8
13	22	21.2
13	23	32.0
13	24	36.4
13	25	35.4
13	26	15.8
13	27	15.8
13	28	16.3
13	29	38.0
13	30	36.4
13	31	27.0
13	32	44.3
13	33	35.5
13	34	46.1
13	35	51.9
13	36	44.8
13	37	11.2
13	38	32.0
13	39	32.7
13	40	10.0
13	41	21.6
13	42	14.3
13	43	23.1
13	44	22.0
13	45	27.3
13	46	36.2
13	47	38.0
13	48	31.9
13	49	49.2
13	50	27.8
13	51	38.1
13	52	18.2
13	53	9.2
13	54	27.3
13	55	33.1
13	56	26.4
13	57	13.2
13	58	6.1
13	59	9.1
13	60	15.8
13	61	18.0
13	62	33.5
13	63	44.1
13	64	54.1
13	65	61.1
13	66	51.6
13	67	42.1
13	68	29.5
13	69	23.1
13	70	31.8
13	71	50.8
13	72	19.2
13	73	16.1
13	74	20.0
13	75	23.6
13	76	25.5
13	77	29.2
13	78	41.1
13	79	35.5
13	80	28.6
13	81	38.3
13	82	26.6
13	83	20.0
13	84	19.9
13	85	14.3
13	86	26.9
13	87	7.3
13	88	27.3
13	89	10.8
13	90	42.0
13	91	16.2
13	92	8.5
13	93	12.0
13	94	4.5
13	95	5.1
13	96	8.2
13	97	6.4
13	98	11.7
13	99	10.0
13	100	13.9
14	15	15.8
14	16	11.2
14	17	22.4
14	18	30.4
14	19	50.0
14	20	62.6
14	21	31.6
14	22	30.0
14	23	40.3
14	24	55.9
14	25	51.0
14	26	36.1
14	27	36.1
14	28	37.5
14	29	58.5
14	30	55.9
14	31	44.9
14	32	62.3
14	33	56.6
14	34	67.3
14	35	73.0
14	36	51.7
14	37	11.2
14	38	11.2
14	39	45.0
14	40	29.2
14	41	27.2
14	42	9.2
14	43	10.6
14	44	5.7
14	45	29.4
14	46	40.2
14	47	46.5
14	48	42.0
14	49	58.7
14	50	48.9
14	51	58.8
14	52	35.1
14	53	30.4
14	54	46.1
14	55	49.7
14	56	38.1
14	57	17.1
14	58	26.4
14	59	15.2
14	60	24.1
14	61	14.3
14	62	48.8
14	63	60.2
14	64	67.0
14	65	81.8
14	66	71.6
14	67	52.2
14	68	50.2
14	69	43.0
14	70	51.0
14	71	71.6
14	72	32.6
14	73	29.8
14	74	31.1
14	75	34.0
14	76	46.7
14	77	50.3
14	78	62.3
14	79	56.6
14	80	49.1
14	81	59.5
14	82	37.0
14	83	27.0
14	84	21.4
14	85	12.0
14	86	13.6
14	87	15.3
14	88	43.4
14	89	27.3
14	90	59.2
14	91	9.0
14	92	13.9
14	93	14.3
14	94	20.2
14	95	17.2
14	96	18.4
14	97	14.9
14	98	11.7
14	99	16.8
14	100	8.5
15	16	25.0
15	17	35.4
15	18	36.4
15	19	57.0
15	20	61.8
15	21	21.2
15	22	15.8
15	23	25.0
15	24	46.1
15	25	38.1
15	26	29.2
15	27	35.4
15	28	33.8
15	29	50.2
15	30	55.9
15	31	47.0
15	32	64.2
15	33	52.3
15	34	61.0
15	35	68.5
15	36	61.7
15	37	18.0
15	38	25.0
15	39	30.8
15	40	22.4
15	41	12.2
15	42	9.2
15	43	7.3
15	44	21.0
15	45	40.8
15	46	51.3
15	47	55.5
15	48	50.0
15	49	67.4
15	50	45.3
15	51	56.3
15	52	38.1
15	53	26.9
15	54	36.1
15	55	37.6
15	56	24.0
15	57	7.3
15	58	21.8
15	59	21.0
15	60	31.8
15	61	26.2
15	62	53.3
15	63	64.1
15	64	73.5
15	65	78.8
15	66	70.6
15	67	37.0
15	68	42.8
15	69	42.6
15	70	51.5
15	71	68.5
15	72	20.2
15	73	18.4
15	74	17.9
15	75	19.9
15	76	41.6
15	77	44.4
15	78	56.3
15	79	50.8
15	80	41.2
15	81	55.0
15	82	44.6
15	83	35.8
15	84	32.2
15	85	22.0
15	86	29.1
15	87	13.2
15	88	47.2
15	89	30.3
15	90	62.0
15	91	20.5
15	92	18.8
15	93	22.5
15	94	22.4
15	95	19.6
15	96	23.4
15	97	16.8
15	98	19.4
15	99	23.3
15	100	17.7
16	17	11.2
16	18	22.4
16	19	40.3
16	20	57.0
16	21	35.0
16	22	36.4
16	23	47.4
16	24	57.0
16	25	55.0
16	26	36.4
16	27	32.0
16	28	35.4
16	29	58.3
16	30	50.0
16	31	38.3
16	32	55.0
16	33	53.6
16	34	65.2
16	35	69.5
16	36	40.8
16	37	10.0
16	38	15.8
16	39	50.6
16	40	30.4
16	41	34.5
16	42	16.1
16	43	21.4
16	44	6.1
16	45	18.4
16	46	29.1
16	47	36.1
16	48	32.1
16	49	48.2
16	50	45.8
16	51	54.5
16	52	28.6
16	53	29.2
16	54	47.9
16	55	53.1
16	56	43.7
16	57	23.4
16	58	26.7
16	59	11.7
16	60	15.7
16	61	4.5
16	62	40.5
16	63	51.9
16	64	57.2
16	65	77.2
16	66	65.8
16	67	58.9
16	68	49.8
16	69	38.2
16	70	45.0
16	71	67.2
16	72	37.2
16	73	34.1
16	74	36.7
16	75	40.0
16	76	44.8
16	77	48.8
16	78	60.2
16	79	54.7
16	80	49.0
16	81	56.4
16	82	27.5
16	83	17.5
16	84	11.0
16	85	6.3
16	86	6.3
16	87	18.1
16	88	35.8
16	89	21.9
16	90	51.5
16	91	5.1
16	92	12.2
16	93	8.9
16	94	17.5
16	95	15.5
16	96	13.9
16	97	15.0
16	98	9.1
16	99	11.7
16	100	8.2
17	18	18.0
17	19	31.6
17	20	53.2
17	21	41.2
17	22	44.7
17	23	55.9
17	24	60.2
17	25	60.8
17	26	40.0
17	27	31.6
17	28	36.7
17	29	60.2
17	30	46.1
17	31	34.1
17	32	49.2
17	33	52.8
17	34	65.0
17	35	67.7
17	36	30.1
17	37	18.0
17	38	25.0
17	39	57.9
17	40	35.4
17	41	43.6
17	42	26.2
17	43	32.4
17	44	17.1
17	45	8.1
17	46	18.2
17	47	26.2
17	48	23.4
17	49	38.0
17	50	45.3
17	51	52.2
17	52	25.6
17	53	32.0
17	54	52.0
17	55	58.4
17	56	51.3
17	57	32.4
17	58	31.3
17	59	17.1
17	60	12.6
17	61	9.2
17	62	33.8
17	63	44.8
17	64	48.1
17	65	73.9
17	66	61.5
17	67	66.9
17	68	51.8
17	69	36.2
17	70	41.2
17	71	64.4
17	72	44.3
17	73	41.1
17	74	44.4
17	75	47.9
17	76	45.6
17	77	49.7
17	78	60.2
17	79	55.0
17	80	51.5
17	81	55.5
17	82	19.7
17	83	11.4
17	84	6.1
17	85	13.6
17	86	12.0
17	87	25.9
17	88	30.4
17	89	21.6
17	90	45.2
17	91	14.9
17	92	18.8
17	93	14.3
17	94	21.2
17	95	20.9
17	96	17.3
17	97	21.9
17	98	16.6
17	99	15.5
17	100	17.7
18	19	20.6
18	20	35.4
18	21	32.0
18	22	39.1
18	23	49.5
18	24	45.3
18	25	49.2
18	26	26.9
18	27	15.0
18	28	21.2
18	29	44.0
18	30	28.3
18	31	16.3
18	32	32.6
18	33	35.1
18	34	47.4
18	35	49.7
18	36	26.9
18	37	20.0
18	38	38.1
18	39	48.8
18	40	25.0
18	41	39.7
18	42	28.3
18	43	37.1
18	44	27.5
18	45	14.1
18	46	19.7
18	47	20.0
18	48	13.9
18	49	31.3
18	50	27.9
18	51	34.1
18	52	7.6
18	53	19.2
18	54	38.6
18	55	46.2
18	56	43.3
18	57	30.5
18	58	21.3
18	59	16.0
18	60	6.7
18	61	17.9
18	62	18.4
18	63	29.8
18	64	37.3
18	65	56.0
18	66	43.9
18	67	58.6
18	68	36.0
18	69	18.4
18	70	23.3
18	71	46.4
18	72	36.1
18	73	33.2
18	74	37.5
18	75	41.0
18	76	29.1
18	77	33.1
18	78	42.7
18	79	37.9
18	80	36.1
18	81	37.7
18	82	8.6
18	83	6.7
18	84	12.7
18	85	18.4
18	86	27.2
18	87	23.4
18	88	13.4
18	89	7.8
18	90	29.2
18	91	21.6
18	92	18.1
18	93	16.1
18	94	14.3
18	95	16.8
18	96	13.2
18	97	19.6
18	98	19.0
18	99	14.0
18	100	22.1
19	20	30.4
19	21	50.0
19	22	58.3
19	23	68.0
19	24	55.9
19	25	64.0
19	26	42.4
19	27	28.3
19	28	34.7
19	29	52.2
19	30	25.0
19	31	17.9
19	32	21.9
19	33	38.8
19	34	50.2
19	35	48.3
19	36	13.0
19	37	40.3
19	38	55.9
19	39	65.8
19	40	43.0
19	41	59.5
19	42	48.8
19	43	57.6
19	44	46.2
19	45	23.8
19	46	17.7
19	47	8.1
19	48	8.2
19	49	12.0
19	50	34.5
19	51	34.1
19	52	20.8
19	53	36.4
19	54	52.2
19	55	60.6
19	56	61.2
19	57	50.9
19	58	40.0
19	59	36.5
19	60	26.1
19	61	36.1
19	62	9.2
19	63	15.0
19	64	17.0
19	65	50.0
19	66	36.4
19	67	75.7
19	68	46.1
19	69	25.6
19	70	22.4
19	71	42.8
19	72	54.4
19	73	51.9
19	74	56.3
19	75	59.6
19	76	38.5
19	77	41.6
19	78	46.7
19	79	43.7
19	80	47.0
19	81	40.4
19	82	13.0
19	83	23.0
19	84	29.3
19	85	38.0
19	86	43.4
19	87	44.0
19	88	13.6
19	89	27.3
19	90	17.5
19	91	41.0
19	92	38.6
19	93	36.1
19	94	34.8
19	95	37.4
19	96	33.7
19	97	40.3
19	98	39.2
19	99	34.4
19	100	42.1
20	21	45.0
20	22	55.0
20	23	60.8
20	24	36.1
20	25	49.2
20	26	35.0
20	27	26.9
20	28	28.3
20	29	29.8
20	30	7.1
20	31	19.1
20	32	10.8
20	33	15.3
20	34	22.4
20	35	18.0
20	36	43.3
20	37	51.5
20	38	72.1
20	39	55.1
20	40	40.3
20	41	58.1
20	42	57.0
20	43	65.8
20	44	61.3
20	45	47.4
20	46	46.2
20	47	38.1
20	48	34.5
20	49	39.1
20	50	18.1
20	51	8.1
20	52	28.4
20	53	34.9
20	54	37.9
20	55	45.7
20	56	53.6
20	57	54.6
20	58	40.0
20	59	47.5
20	60	41.8
20	61	52.6
20	62	22.1
20	63	18.4
20	64	32.3
20	65	20.8
20	66	8.9
20	67	63.9
20	68	28.2
20	69	19.7
20	70	12.0
20	71	12.4
20	72	49.0
20	73	48.0
20	74	52.0
20	75	54.1
20	76	23.3
20	77	23.4
20	78	20.6
20	79	20.8
20	80	30.1
20	81	14.9
20	82	35.0
20	83	41.8
20	84	48.1
20	85	51.9
20	86	62.4
20	87	50.0
20	88	23.0
20	89	35.5
20	90	14.1
20	91	54.9
20	92	48.8
20	93	49.1
20	94	42.5
20	95	45.6
20	96	44.4
20	97	48.3
20	98	51.1
20	99	46.3
20	100	54.2
21	22	10.0
21	23	18.0
21	24	25.0
21	25	20.0
21	26	10.0
21	27	22.4
21	28	17.5
21	29	29.1
21	30	40.3
21	31	34.9
21	32	50.0
21	33	33.0
21	34	40.3
21	35	48.5
21	36	58.7
21	37	25.0
21	38	42.7
21	39	17.0
21	40	7.1
21	41	13.3
21	42	22.5
21	43	27.8
21	44	34.5
21	45	43.0
21	46	51.3
21	47	51.6
21	48	45.3
21	49	61.8
21	50	27.1
21	51	38.2
21	52	29.2
21	53	13.6
21	54	15.0
21	55	18.2
21	56	11.3
21	57	15.3
21	58	10.8
21	59	24.3
21	60	31.3
21	61	33.2
21	62	43.4
21	63	52.2
21	64	64.4
21	65	59.5
21	66	53.2
21	67	26.6
21	68	22.0
21	69	28.2
21	70	36.9
21	71	49.5
21	72	4.5
21	73	3.2
21	74	7.1
21	75	9.8
21	76	22.4
21	77	24.4
21	78	35.8
21	79	30.5
21	80	20.2
21	81	35.4
21	82	40.4
21	83	35.4
21	84	35.7
21	85	29.1
21	86	41.0
21	87	17.1
21	88	37.2
21	89	24.2
21	90	49.0
21	91	30.0
21	92	23.1
21	93	27.3
21	94	20.2
21	95	20.4
21	96	24.0
21	97	20.0
21	98	26.0
21	99	25.7
21	100	27.1
22	23	11.2
22	24	32.0
22	25	22.4
22	26	20.0
22	27	31.6
22	28	27.3
22	29	37.2
22	30	50.2
22	31	44.3
22	32	59.8
22	33	42.8
22	34	49.2
22	35	57.9
22	36	65.9
22	37	26.9
22	38	40.3
22	39	15.1
22	40	15.8
22	41	4.2
22	42	21.1
22	43	23.1
22	44	34.2
22	45	48.0
22	46	57.4
22	47	59.0
22	48	52.8
22	49	69.9
22	50	37.1
22	51	48.2
22	52	37.6
22	53	22.5
22	54	22.5
22	55	22.2
22	56	8.2
22	57	13.2
22	58	18.4
22	59	27.8
22	60	36.9
22	61	35.8
22	62	52.4
22	63	61.7
22	64	73.4
22	65	69.1
22	66	63.1
22	67	22.6
22	68	31.0
22	69	37.9
22	70	46.7
22	71	59.2
22	72	6.3
22	73	7.1
22	74	3.2
22	75	4.1
22	76	32.2
22	77	34.0
22	78	44.9
22	79	39.8
22	80	29.2
22	81	45.1
22	82	47.6
22	83	41.1
22	84	40.0
22	85	31.4
22	86	41.8
22	87	18.8
22	88	46.1
22	89	31.4
22	90	58.7
22	91	31.3
22	92	25.9
22	93	30.4
22	94	25.5
22	95	24.4
22	96	28.6
22	97	22.8
22	98	28.2
22	99	29.7
22	100	28.2
23	24	31.6
23	25	18.0
23	26	26.9
23	27	40.3
23	28	34.9
23	29	38.1
23	30	57.0
23	31	52.8
23	32	67.1
23	33	47.0
23	34	51.0
23	35	60.5
23	36	76.4
23	37	38.1
23	38	50.0
23	39	8.6
23	40	25.0
23	41	13.2
23	42	31.8
23	43	32.1
23	44	44.9
23	45	59.1
23	46	68.2
23	47	69.4
23	48	63.0
23	49	79.8
23	50	42.8
23	51	53.3
23	52	47.2
23	53	31.6
23	54	24.1
23	55	19.7
23	56	7.3
23	57	24.0
23	58	28.3
23	59	38.9
23	60	47.8
23	61	47.0
23	62	61.4
23	63	69.9
23	64	82.4
23	65	72.3
23	66	68.3
23	67	12.0
23	68	34.0
23	69	45.7
23	70	54.1
23	71	63.0
23	72	13.6
23	73	16.3
23	74	12.0
23	75	8.5
23	76	37.5
23	77	38.1
23	78	47.4
23	79	43.0
23	80	32.0
23	81	49.0
23	82	58.0
23	83	52.0
23	84	51.1
23	85	42.5
23	86	52.6
23	87	30.0
23	88	55.2
23	89	41.7
23	90	66.5
23	91	42.4
23	92	37.1
23	93	41.6
23	94	36.4
23	95	35.5
23	96	39.7
23	97	34.0
23	98	39.4
23	99	40.8
23	100	39.2
24	25	15.0
24	26	20.6
24	27	30.4
24	28	24.1
24	29	7.1
24	30	35.4
24	31	38.0
24	32	45.3
24	33	20.8
24	34	20.0
24	35	30.1
24	36	67.8
24	37	47.4
24	38	67.1
24	39	23.5
24	40	26.9
24	41	36.2
24	42	47.0
24	43	52.8
24	44	57.9
24	45	59.1
24	46	64.3
24	47	60.7
24	48	54.7
24	49	67.6
24	50	21.6
24	51	28.0
24	52	38.8
24	53	28.3
24	54	10.0
24	55	12.2
24	56	25.9
24	57	40.2
24	58	30.4
24	59	45.4
24	60	48.0
24	61	54.1
24	62	47.0
24	63	51.0
24	64	65.3
24	65	42.1
24	66	41.2
24	67	30.1
24	68	9.8
24	69	30.5
24	70	35.0
24	71	34.0
24	72	26.2
24	73	27.7
24	74	29.1
24	75	28.8
24	76	17.5
24	77	14.4
24	78	17.5
24	79	15.3
24	80	9.2
24	81	21.5
24	82	51.4
24	83	51.0
24	84	54.1
24	85	50.7
24	86	63.3
24	87	40.7
24	88	42.5
24	89	39.0
24	90	46.7
24	91	52.5
24	92	44.9
24	93	48.3
24	94	39.8
24	95	41.5
24	96	43.7
24	97	42.4
24	98	48.1
24	99	45.9
24	100	50.0
25	26	22.4
25	27	36.1
25	28	29.4
25	29	22.0
25	30	47.2
25	31	46.7
25	32	57.5
25	33	34.2
25	34	35.0
25	35	45.0
25	36	74.6
25	37	45.0
25	38	61.8
25	39	9.4
25	40	25.5
25	41	26.4
25	42	41.8
25	43	45.3
25	44	54.3
25	45	61.7
25	46	68.9
25	47	67.4
25	48	61.1
25	49	76.1
25	50	32.4
25	51	41.2
25	52	44.4
25	53	30.1
25	54	12.0
25	55	3.6
25	56	14.4
25	57	34.0
25	58	29.6
25	59	44.2
25	60	50.0
25	61	53.2
25	62	55.9
25	63	62.0
25	64	75.8
25	65	57.1
25	66	55.4
25	67	15.1
25	68	21.0
25	69	38.9
25	70	45.6
25	71	48.7
25	72	18.4
25	73	21.2
25	74	20.2
25	75	18.4
25	76	27.2
25	77	25.9
25	78	32.2
25	79	29.1
25	80	19.2
25	81	35.4
25	82	56.8
25	83	53.8
25	84	55.1
25	85	49.0
25	86	61.0
25	87	37.1
25	88	50.4
25	89	41.8
25	90	58.0
25	91	50.0
25	92	43.0
25	93	47.2
25	94	39.6
25	95	40.2
25	96	43.6
25	97	40.0
25	98	46.0
25	99	45.4
25	100	47.0
26	27	14.1
26	28	8.1
26	29	22.5
26	30	30.4
26	31	26.1
26	32	40.3
26	33	23.4
26	34	32.0
26	35	39.4
26	36	52.4
26	37	26.9
26	38	47.2
26	39	23.4
26	40	7.1
26	41	23.2
26	42	27.7
26	43	34.8
26	44	37.6
26	45	39.8
26	46	46.6
26	47	45.2
26	48	38.8
26	49	54.5
26	50	17.1
26	51	28.3
26	52	22.2
26	53	8.1
26	54	12.0
26	55	19.3
26	56	19.7
26	57	22.2
26	58	9.8
26	59	24.7
26	60	28.3
26	61	33.5
26	62	35.0
26	63	43.0
26	64	55.8
26	65	50.0
26	66	43.2
26	67	33.3
26	68	14.2
26	69	18.8
26	70	27.2
26	71	39.8
26	72	14.1
26	73	13.0
26	74	17.0
26	75	19.4
26	76	12.6
26	77	15.3
26	78	27.2
26	79	21.6
26	80	13.0
26	81	26.0
26	82	34.5
26	83	31.8
26	84	34.0
26	85	30.1
26	86	42.7
26	87	20.8
26	88	29.1
26	89	19.6
26	90	39.6
26	91	32.0
26	92	24.4
26	93	27.7
26	94	19.2
26	95	20.9
26	96	23.2
26	97	21.9
26	98	27.5
26	99	25.3
26	100	29.5
27	28	6.7
27	29	29.1
27	30	20.6
27	31	12.6
27	32	29.0
27	33	21.6
27	34	33.5
27	35	37.5
27	36	38.6
27	37	25.0
27	38	46.1
27	39	37.5
27	40	15.8
27	41	33.7
27	42	30.1
27	43	38.9
27	44	35.4
27	45	29.1
27	46	34.0
27	47	31.4
27	48	25.1
27	49	40.3
27	50	13.9
27	51	22.8
27	52	8.5
27	53	9.2
27	54	24.6
27	55	32.8
27	56	33.3
27	57	28.2
27	58	14.0
27	59	21.3
27	60	19.0
27	61	28.0
27	62	21.1
27	63	30.1
27	64	42.1
27	65	45.8
27	66	35.8
27	67	47.4
27	68	21.0
27	69	7.3
27	70	16.1
27	71	35.6
27	72	26.8
27	73	24.7
27	74	29.2
27	75	32.2
27	76	14.1
27	77	18.2
27	78	28.6
27	79	23.4
27	80	21.2
27	81	24.4
27	82	21.2
27	83	21.2
27	84	25.6
27	85	26.2
27	86	38.0
27	87	23.1
27	88	15.0
27	89	10.3
27	90	27.3
27	91	29.0
27	92	22.2
27	93	23.3
27	94	15.8
27	95	18.9
27	96	18.4
27	97	21.5
27	98	24.8
27	99	20.5
27	100	27.8
28	29	23.5
28	30	23.0
28	31	18.0
28	32	32.6
28	33	19.2
28	34	30.0
28	35	35.6
28	36	45.3
28	37	27.0
28	38	48.2
28	39	31.4
28	40	12.0
28	41	30.0
28	42	30.2
28	43	38.5
28	44	37.8
28	45	35.0
28	46	40.5
28	47	38.1
28	48	31.8
28	49	46.8
28	50	11.7
28	51	22.5
28	52	15.2
28	53	7.2
28	54	17.9
28	55	26.1
28	56	27.7
28	57	26.6
28	58	12.1
28	59	23.9
28	60	24.2
28	61	31.8
28	62	27.0
28	63	34.9
28	64	47.7
28	65	45.2
28	66	36.9
28	67	41.2
28	68	15.1
28	69	10.8
28	70	19.4
28	71	34.9
28	72	21.8
28	73	20.2
28	74	24.5
28	75	27.2
28	76	9.4
28	77	13.4
28	78	25.0
28	79	19.4
28	80	15.0
28	81	22.0
28	82	27.9
28	83	27.0
28	84	30.6
28	85	29.2
28	86	41.6
28	87	23.0
28	88	21.2
28	89	15.1
28	90	31.6
28	91	31.6
28	92	24.2
28	93	26.4
28	94	18.0
28	95	20.6
28	96	21.5
28	97	22.6
28	98	27.2
28	99	23.7
28	100	29.8
29	30	30.0
29	31	34.5
29	32	39.6
29	33	14.9
29	34	13.0
29	35	23.0
29	36	64.6
29	37	49.2
29	38	69.6
29	39	30.3
29	40	29.4
29	41	41.3
29	42	50.0
29	43	56.6
29	44	59.9
29	45	58.1
29	46	62.3
29	47	57.7
29	48	52.0
29	49	63.6
29	50	17.7
29	51	21.9
29	52	37.0
29	53	29.2
29	54	14.8
29	55	19.0
29	56	32.0
29	57	43.9
29	58	32.2
29	59	46.6
29	60	47.7
29	61	55.0
29	62	43.1
29	63	45.8
29	64	60.2
29	65	35.1
29	66	34.4
29	67	37.1
29	68	8.5
29	69	27.5
29	70	30.4
29	71	26.9
29	72	31.1
29	73	32.0
29	74	34.1
29	75	34.4
29	76	15.0
29	77	11.0
29	78	10.4
29	79	9.2
29	80	9.4
29	81	15.0
29	82	49.3
29	83	50.2
29	84	54.1
29	85	52.0
29	86	64.6
29	87	43.3
29	88	39.3
29	89	38.6
29	90	41.4
29	91	54.1
29	92	46.5
29	93	49.4
29	94	40.9
29	95	43.0
29	96	44.6
29	97	44.3
29	98	49.7
29	99	46.8
29	100	51.9
30	31	12.0
30	32	10.3
30	33	15.3
30	34	25.5
30	35	23.5
30	36	38.0
30	37	44.7
30	38	65.2
30	39	52.0
30	40	35.0
30	41	53.0
30	42	50.6
30	43	59.5
30	44	54.4
30	45	40.5
30	46	39.8
30	47	32.2
30	48	28.2
30	49	34.9
30	50	14.8
30	51	9.2
30	52	21.4
30	53	29.2
30	54	35.4
30	55	43.6
30	56	49.7
30	57	48.7
30	58	34.2
30	59	40.7
30	60	34.7
30	61	45.6
30	62	16.1
30	63	15.8
30	64	30.2
30	65	27.8
30	66	15.8
30	67	61.3
30	68	26.4
30	69	13.3
30	70	5.0
30	71	18.8
30	72	44.6
30	73	43.2
30	74	47.4
30	75	49.8
30	76	20.1
30	77	21.4
30	78	22.5
30	79	20.8
30	80	28.0
30	81	16.2
30	82	28.2
30	83	34.7
30	84	41.0
30	85	44.9
30	86	55.3
30	87	43.7
30	88	16.1
30	89	28.7
30	90	11.4
30	91	48.0
30	92	42.0
30	93	42.2
30	94	35.8
30	95	39.0
30	96	37.6
30	97	41.8
30	98	44.3
30	99	39.4
30	100	47.4
31	32	17.5
31	33	22.0
31	34	34.1
31	35	34.5
31	36	30.1
31	37	33.8
31	38	53.7
31	39	49.4
31	40	28.5
31	41	46.3
31	42	40.6
31	43	49.6
31	44	42.9
31	45	28.7
31	46	29.3
31	47	23.3
31	48	18.0
31	49	29.7
31	50	16.8
31	51	19.0
31	52	9.8
31	53	21.8
31	54	34.7
31	55	43.2
31	56	45.7
31	57	40.0
31	58	26.5
31	59	29.7
31	60	22.8
31	61	33.8
31	62	9.2
31	63	17.5
31	64	29.7
31	65	39.8
31	66	27.7
31	67	59.2
31	68	28.2
31	69	7.8
31	70	7.2
31	71	30.5
31	72	39.4
31	73	37.3
31	74	41.8
31	75	44.8
31	76	20.6
31	77	23.8
31	78	30.0
31	79	26.3
31	80	29.2
31	81	24.1
31	82	16.8
31	83	22.7
31	84	29.0
31	85	33.5
31	86	43.4
31	87	34.1
31	88	5.0
31	89	17.7
31	90	15.0
31	91	36.7
31	92	31.3
31	93	30.9
31	94	25.5
31	95	28.6
31	96	26.6
31	97	31.6
31	98	33.2
31	99	28.2
31	100	36.4
32	33	24.8
32	34	33.1
32	35	28.3
32	36	34.2
32	37	51.2
32	38	70.7
32	39	62.2
32	40	44.3
32	41	62.4
32	42	58.1
32	43	67.1
32	44	60.0
32	45	42.4
32	46	39.1
32	47	30.0
32	48	27.8
32	49	29.0
32	50	25.1
32	51	17.8
32	52	27.2
32	53	38.1
32	54	45.7
32	55	53.9
32	56	59.8
32	57	57.1
32	58	43.0
32	59	47.1
32	60	39.4
32	61	50.5
32	62	15.6
32	63	8.0
32	64	21.5
32	65	28.2
32	66	14.6
32	67	71.6
32	68	36.6
32	69	22.1
32	70	13.2
32	71	22.0
32	72	54.3
32	73	52.8
32	74	57.1
32	75	59.7
32	76	30.4
32	77	31.6
32	78	31.1
32	79	30.4
32	80	38.3
32	81	25.0
32	82	29.7
32	83	38.3
32	84	44.9
32	85	50.7
32	86	59.7
32	87	51.5
32	88	19.2
32	89	35.2
32	90	4.5
32	91	53.9
32	92	48.8
32	93	48.1
32	94	43.0
32	95	46.1
32	96	44.0
32	97	49.0
32	98	50.6
32	99	45.5
32	100	53.8
33	34	12.4
33	35	16.4
33	36	51.6
33	37	46.0
33	38	67.2
33	39	40.6
33	40	30.0
33	41	46.3
33	42	49.4
33	43	57.5
33	44	56.6
33	45	49.0
33	46	51.2
33	47	45.2
33	48	40.0
33	49	49.6
33	50	7.8
33	51	7.2
33	52	27.5
33	53	26.4
33	54	23.3
33	55	30.7
33	56	40.0
33	57	45.2
33	58	31.1
33	59	42.5
33	60	40.2
33	61	49.6
33	62	29.6
33	63	31.1
33	64	45.5
33	65	26.6
33	66	21.4
33	67	49.0
33	68	13.3
33	69	16.8
33	70	16.5
33	71	16.5
33	72	36.5
33	73	36.1
33	74	39.6
33	75	41.2
33	76	10.8
33	77	9.0
33	78	8.0
33	79	5.7
33	80	15.3
33	81	2.8
33	82	38.3
33	83	41.8
33	84	47.0
33	85	47.6
33	86	59.6
33	87	42.2
33	88	27.0
33	89	31.9
33	90	26.6
33	91	50.3
33	92	43.1
33	93	44.8
33	94	36.8
33	95	39.6
33	96	39.8
33	97	41.8
33	98	46.0
33	99	42.0
33	100	48.8
34	35	10.2
34	36	63.2
34	37	57.0
34	38	78.1
34	39	43.3
34	40	39.1
34	41	53.2
34	42	59.4
34	43	66.8
34	44	67.8
34	45	61.4
34	46	63.4
34	47	57.0
34	48	52.1
34	49	60.4
34	50	19.7
34	51	16.3
34	52	39.8
34	53	36.9
34	54	27.2
34	55	32.1
34	56	44.6
34	57	54.2
34	58	41.0
34	59	53.8
34	60	52.4
34	61	61.4
34	62	41.1
34	63	40.5
34	64	54.6
34	65	22.2
34	66	24.1
34	67	50.0
34	68	18.4
34	69	29.1
34	70	28.0
34	71	15.3
34	72	43.0
34	73	43.4
34	74	46.1
34	75	46.8
34	76	20.6
34	77	17.0
34	78	5.0
34	79	10.6
34	80	20.1
34	81	10.0
34	82	50.6
34	83	54.1
34	84	59.1
34	85	59.1
34	86	71.3
34	87	52.3
34	88	39.1
34	89	43.8
34	90	36.1
34	91	61.6
34	92	54.2
34	93	56.3
34	94	48.0
34	95	50.6
34	96	51.3
34	97	52.5
34	98	57.2
34	99	53.5
34	100	59.8
35	36	61.2
35	37	62.2
35	38	83.5
35	39	53.1
35	40	46.1
35	41	61.7
35	42	65.8
35	43	73.8
35	44	72.8
35	45	63.1
35	46	63.3
35	47	55.7
35	48	51.7
35	49	57.1
35	50	24.1
35	51	15.7
35	52	42.2
35	53	42.8
35	54	36.5
35	55	42.0
35	56	53.9
35	57	61.4
35	58	47.4
35	59	58.7
35	60	55.5
35	61	65.4
35	62	39.6
35	63	36.2
35	64	49.5
35	65	12.0
35	66	16.1
35	67	60.1
35	68	26.9
35	69	31.6
35	70	27.5
35	71	6.7
35	72	51.5
35	73	51.6
35	74	54.7
35	75	55.8
35	76	26.9
35	77	24.2
35	78	13.2
35	79	18.0
35	80	28.9
35	81	13.6
35	82	51.3
35	83	56.4
35	84	62.1
35	85	63.7
35	86	75.4
35	87	58.6
35	88	39.2
35	89	47.6
35	90	32.1
35	91	66.5
35	92	59.4
35	93	60.9
35	94	53.0
35	95	55.9
35	96	55.9
35	97	58.1
35	98	62.2
35	99	58.1
35	100	65.1
36	37	43.9
36	38	55.1
36	39	75.3
36	40	51.7
36	41	66.4
36	42	52.8
36	43	60.7
36	44	46.9
36	45	22.4
36	46	12.0
36	47	7.2
36	48	13.6
36	49	8.9
36	50	46.8
36	51	47.0
36	52	30.2
36	53	45.5
36	54	63.1
36	55	71.3
36	56	70.0
36	57	56.6
36	58	48.1
36	59	40.7
36	60	30.0
36	61	37.4
36	62	22.1
36	63	26.6
36	64	21.4
36	65	62.4
36	66	48.8
36	67	85.1
36	68	57.9
36	69	37.3
36	70	35.2
36	71	55.6
36	72	62.9
36	73	60.1
36	74	64.4
36	75	67.9
36	76	50.3
36	77	53.8
36	78	59.5
36	79	56.3
36	80	58.7
36	81	53.3
36	82	18.4
36	83	25.9
36	84	30.4
36	85	40.5
36	86	42.0
36	87	49.4
36	88	25.3
36	89	34.7
36	90	29.8
36	91	43.0
36	92	42.9
36	93	39.4
36	94	40.8
36	95	42.7
36	96	38.6
36	97	45.3
36	98	42.5
36	99	38.5
36	100	44.9
37	38	21.2
37	39	40.8
37	40	20.6
37	41	25.6
37	42	8.9
37	43	17.3
37	44	10.8
37	45	22.8
37	46	33.3
37	47	37.9
37	48	32.8
37	49	50.0
37	50	38.2
37	51	47.8
37	52	24.0
37	53	20.2
37	54	38.1
37	55	43.1
37	56	34.0
37	57	14.4
37	58	17.1
37	59	4.1
37	60	14.3
37	61	8.9
37	62	38.2
37	63	49.5
37	64	57.2
37	65	70.8
37	66	60.4
37	67	49.3
37	68	40.7
37	69	31.9
37	70	39.8
37	71	60.6
37	72	27.3
37	73	24.2
37	74	26.9
37	75	30.4
37	76	36.4
37	77	40.2
37	78	52.0
37	79	46.4
37	80	39.8
37	81	48.8
37	82	27.5
37	83	18.0
37	84	14.2
37	85	4.5
37	86	16.1
37	87	8.2
37	88	32.6
37	89	16.2
37	90	48.3
37	91	5.1
37	92	2.8
37	93	4.5
37	94	9.2
37	95	6.4
37	96	7.3
37	97	5.1
37	98	1.4
37	99	6.0
37	100	2.8
38	39	55.4
38	40	40.3
38	41	37.1
38	42	20.2
38	43	18.1
38	44	10.8
38	45	33.0
38	46	43.1
38	47	51.1
38	48	47.7
38	49	63.0
38	50	59.4
38	51	68.9
38	52	43.9
38	53	41.2
38	54	57.3
38	55	60.7
38	56	48.5
38	57	27.9
38	58	37.4
38	59	24.8
38	60	31.4
38	61	20.2
38	62	56.3
38	63	67.7
38	64	72.7
38	65	91.8
38	66	81.0
38	67	62.0
38	68	61.3
38	69	52.8
38	70	60.2
38	71	81.7
38	72	43.4
38	73	40.8
38	74	41.8
38	75	44.4
38	76	57.5
38	77	61.2
38	78	73.1
38	79	67.5
38	80	60.2
38	81	70.0
38	82	43.2
38	83	33.2
38	84	26.7
38	85	20.2
38	86	13.0
38	87	26.4
38	88	51.5
38	89	36.6
38	90	67.2
38	91	17.2
38	92	24.0
38	93	23.0
38	94	30.4
38	95	27.6
38	96	27.8
38	97	25.6
38	98	21.3
38	99	25.8
38	100	18.4
39	40	23.9
39	41	18.7
39	42	36.0
39	43	38.1
39	44	49.0
39	45	59.9
39	46	68.3
39	47	68.1
39	48	61.7
39	49	77.8
39	50	37.3
39	51	47.3
39	52	45.3
39	53	29.8
39	54	17.3
39	55	11.4
39	56	7.0
39	57	28.0
39	58	27.8
39	59	40.8
39	60	48.3
39	61	49.5
39	62	58.4
39	63	65.9
39	64	79.1
39	65	65.0
39	66	62.0
39	67	9.9
39	68	27.3
39	69	41.9
39	70	49.6
39	71	56.1
39	72	13.6
39	73	16.8
39	74	14.0
39	75	11.0
39	76	32.0
39	77	31.8
39	78	40.0
39	79	36.1
39	80	25.3
39	81	42.3
39	82	57.0
39	83	52.4
39	84	52.6
39	85	45.1
39	86	56.3
39	87	32.6
39	88	52.5
39	89	41.0
39	90	62.2
39	91	45.5
39	92	39.3
39	93	43.7
39	94	37.2
39	95	37.0
39	96	40.9
39	97	36.1
39	98	42.0
39	99	42.4
39	100	42.4
40	41	18.1
40	42	20.6
40	43	27.8
40	44	31.0
40	45	36.4
40	46	44.4
40	47	44.6
40	48	38.2
40	49	54.8
40	50	23.1
40	51	34.2
40	52	22.2
40	53	6.7
40	54	17.5
40	55	23.1
40	56	18.4
40	57	15.3
40	58	4.1
40	59	19.0
40	60	24.7
40	61	28.0
40	62	36.7
40	63	45.9
40	64	57.7
40	65	56.5
40	66	48.8
40	67	33.6
40	68	21.3
40	69	22.2
40	70	31.1
40	71	46.2
40	72	11.4
40	73	8.9
40	74	13.4
40	75	16.6
40	76	19.2
40	77	22.2
40	78	34.2
40	79	28.6
40	80	20.0
40	81	32.6
40	82	33.3
40	83	28.6
40	84	29.6
40	85	24.2
40	86	36.7
40	87	13.9
40	88	30.4
40	89	17.2
40	90	43.0
40	91	25.7
40	92	18.2
40	93	22.0
40	94	14.1
40	95	15.0
40	96	18.1
40	97	15.5
40	98	21.4
40	99	20.0
40	100	23.1
41	42	18.7
41	43	19.4
41	44	31.8
41	45	47.5
41	46	57.3
41	47	59.6
41	48	53.5
41	49	70.8
41	50	40.3
41	51	51.5
41	52	39.0
41	53	24.5
41	54	26.6
41	55	26.4
41	56	12.1
41	57	11.2
41	58	19.9
41	59	27.0
41	60	36.8
41	61	34.5
41	62	54.1
41	63	63.8
41	64	75.0
41	65	72.8
41	66	66.4
41	67	25.1
41	68	34.9
41	69	40.3
41	70	49.3
41	71	62.8
41	72	10.3
41	73	10.2
41	74	7.2
41	75	8.1
41	76	35.7
41	77	37.6
41	78	48.8
41	79	43.7
41	80	33.1
41	81	48.8
41	82	48.3
41	83	41.0
41	84	39.2
41	85	30.0
41	86	39.6
41	87	17.8
41	88	47.8
41	89	32.2
41	90	61.0
41	91	29.5
41	92	25.0
41	93	29.4
41	94	25.6
41	95	24.0
41	96	28.3
41	97	22.0
41	98	26.9
41	99	29.1
41	100	26.4
42	43	9.1
42	44	13.2
42	45	31.6
42	46	42.2
42	47	46.8
42	48	41.5
42	49	58.8
42	50	41.9
42	51	52.4
42	52	31.1
42	53	23.0
42	54	37.1
42	55	40.5
42	56	29.0
42	57	8.0
42	58	18.4
42	59	12.4
42	60	23.1
42	61	17.0
42	62	46.0
42	63	57.1
42	64	65.6
42	65	75.3
42	66	65.9
42	67	43.6
42	68	41.9
42	69	37.3
42	70	45.9
42	71	65.0
42	72	23.3
42	73	20.6
42	74	22.0
42	75	25.0
42	76	39.1
42	77	42.4
42	78	54.5
42	79	48.8
42	80	40.6
42	81	52.2
42	82	36.1
42	83	26.9
42	84	23.0
42	85	12.8
42	86	20.9
42	87	7.2
42	88	40.0
42	89	23.1
42	90	55.4
42	91	11.4
42	92	10.2
42	93	13.4
42	94	15.1
42	95	12.0
42	96	15.1
42	97	9.1
42	98	10.3
42	99	14.6
42	100	8.5
43	44	16.3
43	45	38.9
43	46	49.7
43	47	55.1
43	48	50.0
43	49	67.2
43	50	50.1
43	51	60.8
43	52	40.2
43	53	31.3
43	54	42.8
43	55	44.7
43	56	31.3
43	57	12.7
43	58	26.4
43	59	21.1
43	60	31.6
43	61	23.7
43	62	55.0
43	63	66.1
43	64	74.4
43	65	83.6
43	66	74.7
43	67	44.0
43	68	48.8
43	69	46.2
43	70	54.8
43	71	73.4
43	72	27.3
43	73	25.2
43	74	25.1
43	75	27.2
43	76	46.9
43	77	50.0
43	78	62.0
43	79	56.4
43	80	47.4
43	81	60.2
43	82	44.7
43	83	35.2
43	84	30.5
43	85	20.2
43	86	24.2
43	87	15.8
43	88	49.1
43	89	32.1
43	90	64.5
43	91	17.9
43	92	19.0
43	93	21.6
43	94	24.2
43	95	21.1
43	96	24.0
43	97	18.1
43	98	18.4
43	99	23.2
43	100	15.8
44	45	24.5
44	46	35.2
44	47	42.1
44	48	38.1
44	49	54.2
44	50	48.8
44	51	58.1
44	52	33.1
44	53	31.1
44	54	48.4
44	55	52.8
44	56	42.0
44	57	21.1
44	58	27.7
44	59	14.1
44	60	20.9
44	61	10.0
44	62	45.9
44	63	57.3
44	64	63.1
44	65	81.1
44	66	70.2
44	67	56.7
44	68	51.5
44	69	42.0
44	70	49.4
44	71	70.9
44	72	36.1
44	73	33.1
44	74	35.0
44	75	38.1
44	76	47.2
44	77	51.0
44	78	62.8
44	79	57.2
44	80	50.5
44	81	59.5
44	82	33.2
44	83	23.2
44	84	17.0
44	85	9.4
44	86	8.1
44	87	17.5
44	88	40.9
44	89	25.8
44	90	56.6
44	91	6.4
44	92	13.6
44	93	12.2
44	94	19.8
44	95	17.2
44	96	17.0
44	97	15.7
44	98	10.6
44	99	15.0
44	100	8.1
45	46	10.8
45	47	18.1
45	48	15.7
45	49	30.0
45	50	42.0
45	51	47.4
45	52	21.6
45	53	31.8
45	54	51.8
45	55	58.9
45	56	53.7
45	57	36.8
45	58	32.3
45	59	20.5
45	60	11.7
45	61	15.2
45	62	26.9
45	63	37.4
45	64	40.0
45	65	68.2
45	66	55.4
45	67	69.4
45	68	50.0
45	69	32.3
45	70	35.8
45	71	59.2
45	72	46.5
45	73	43.4
45	74	47.2
45	75	50.8
45	76	43.2
45	77	47.3
45	78	56.8
45	79	52.0
45	80	50.0
45	81	51.5
45	82	12.7
45	83	8.1
45	84	8.6
45	85	18.9
45	86	20.1
45	87	29.7
45	88	24.4
45	89	20.2
45	90	38.3
45	91	21.0
45	92	22.6
45	93	18.4
45	94	22.8
45	95	23.6
45	96	19.4
45	97	25.5
45	98	21.4
45	99	18.4
45	100	23.3
46	47	10.0
46	48	11.7
46	49	20.4
46	50	45.0
46	51	48.1
46	52	25.5
46	53	38.9
46	54	58.2
46	55	65.9
46	56	62.4
46	57	46.9
46	58	40.5
46	59	30.6
46	60	20.5
46	61	26.0
46	62	24.2
46	63	32.6
46	64	31.8
46	65	66.6
46	66	53.2
46	67	77.9
46	68	54.7
46	69	35.0
46	70	35.9
46	71	58.5
46	72	55.2
46	73	52.2
46	74	56.2
46	75	59.8
46	76	47.4
46	77	51.2
46	78	59.1
46	79	55.0
46	80	55.1
46	81	53.3
46	82	13.0
46	83	16.3
46	84	19.2
46	85	29.5
46	86	30.1
46	87	39.7
46	88	24.3
46	89	27.3
46	90	34.7
46	91	31.8
46	92	32.8
46	93	28.8
46	94	31.9
46	95	33.2
46	96	29.0
46	97	35.5
46	98	31.9
46	99	28.4
46	100	34.0
47	48	6.4
47	49	12.2
47	50	40.0
47	51	41.0
47	52	23.0
47	53	38.3
47	54	55.9
47	55	64.1
47	56	62.9
47	57	50.1
47	58	41.0
47	59	34.5
47	60	23.8
47	61	32.2
47	62	16.1
47	63	23.0
47	64	22.1
47	65	57.9
47	66	44.4
47	67	78.0
47	68	50.9
47	69	30.4
47	70	29.0
47	71	50.4
47	72	55.9
47	73	53.1
47	74	57.4
47	75	60.9
47	76	43.3
47	77	46.8
47	78	53.2
47	79	49.6
47	80	51.6
47	81	47.0
47	82	11.4
47	83	19.9
47	84	25.2
47	85	34.9
47	86	38.2
47	87	42.9
47	88	18.4
47	89	27.7
47	90	25.5
47	91	37.7
47	92	36.8
47	93	33.5
47	94	34.1
47	95	36.2
47	96	32.2
47	97	38.9
47	98	36.7
47	99	32.3
47	100	39.3
48	49	17.5
48	50	34.4
48	51	36.5
48	52	16.6
48	53	31.9
48	54	49.6
48	55	57.8
48	56	56.6
48	57	44.3
48	58	34.7
48	59	29.1
48	60	18.4
48	61	28.0
48	62	12.5
48	63	22.0
48	64	25.1
48	65	55.0
48	66	41.7
48	67	71.6
48	68	44.9
48	69	24.5
48	70	24.3
48	71	46.8
48	72	49.5
48	73	46.8
48	74	51.1
48	75	54.6
48	76	37.4
48	77	41.0
48	78	48.0
48	79	44.2
48	80	45.5
48	81	42.0
48	82	5.4
48	83	15.0
48	84	21.1
48	85	30.1
48	86	35.2
48	87	37.2
48	88	13.0
48	89	21.4
48	90	23.4
48	91	33.1
48	92	31.3
48	93	28.4
48	94	28.2
48	95	30.5
48	96	26.6
48	97	33.2
48	98	31.6
48	99	26.9
48	100	34.4
49	50	46.1
49	51	44.1
49	52	32.6
49	53	48.3
49	54	64.2
49	55	72.6
49	56	73.1
49	57	61.7
49	58	51.6
49	59	46.5
49	60	35.7
49	61	44.4
49	62	20.6
49	63	21.0
49	64	12.7
49	65	56.7
49	66	43.3
49	67	87.7
49	68	57.8
49	69	37.4
49	70	33.2
49	71	51.0
49	72	66.2
49	73	63.6
49	74	68.0
49	75	71.4
49	76	50.2
49	77	53.2
49	78	57.3
49	79	54.8
49	80	58.8
49	81	51.0
49	82	22.8
49	83	32.0
49	84	37.3
49	85	47.1
49	86	50.0
49	87	54.6
49	88	25.6
49	89	38.6
49	90	25.0
49	91	49.8
49	92	48.7
49	93	45.6
49	94	45.6
49	95	47.9
49	96	44.0
49	97	50.7
49	98	48.8
49	99	44.3
49	100	51.4
50	51	11.2
50	52	20.4
50	53	18.9
50	54	20.6
50	55	28.8
50	56	35.5
50	57	38.1
50	58	23.7
50	59	34.7
50	60	32.7
50	61	41.9
50	62	25.5
50	63	29.7
50	64	43.9
50	65	33.5
50	66	26.1
50	67	46.5
50	68	12.0
50	69	10.0
50	70	13.5
50	71	23.3
50	72	31.0
50	73	30.1
50	74	34.0
50	75	36.1
50	76	5.4
50	77	7.2
50	78	14.9
50	79	10.0
50	80	13.5
50	81	10.6
50	82	32.0
50	83	34.5
50	84	39.4
50	85	39.8
50	86	51.9
50	87	34.7
50	88	21.6
50	89	24.2
50	90	25.6
50	91	42.5
50	92	35.4
50	93	37.0
50	94	29.0
50	95	31.8
50	96	32.0
50	97	34.1
50	98	38.2
50	99	34.2
50	100	41.0
51	52	26.6
51	53	29.5
51	54	30.1
51	55	37.7
51	56	46.2
51	57	49.0
51	58	34.5
51	59	44.0
51	60	40.0
51	61	50.2
51	62	25.0
51	63	24.6
51	64	38.9
51	65	23.0
51	66	15.0
51	67	56.0
51	68	20.2
51	69	16.3
51	70	12.2
51	71	12.8
51	72	42.0
51	73	41.3
51	74	45.1
51	75	47.0
51	76	16.0
51	77	15.5
51	78	13.4
51	79	12.8
51	80	22.1
51	81	7.2
51	82	35.7
51	83	40.8
51	84	46.6
51	85	48.8
51	86	60.2
51	87	45.2
51	88	23.8
51	89	32.5
51	90	20.1
51	91	51.7
51	92	45.0
51	93	46.0
51	94	38.6
51	95	41.6
51	96	41.1
51	97	44.1
51	98	47.6
51	99	43.2
51	100	50.6
52	53	15.6
52	54	33.1
52	55	41.2
52	56	40.5
52	57	31.4
52	58	19.2
52	59	19.9
52	60	13.5
52	61	24.2
52	62	15.3
52	63	26.0
52	64	36.1
52	65	48.8
52	66	37.2
52	67	55.2
52	68	29.3
52	69	10.8
52	70	16.4
52	71	39.1
52	72	33.6
52	73	31.1
52	74	35.5
52	75	38.8
52	76	22.0
52	77	26.0
52	78	35.2
52	79	30.4
52	80	29.6
52	81	30.1
52	82	12.6
52	83	14.3
52	84	20.0
52	85	23.7
52	86	34.0
52	87	25.0
52	88	9.1
52	89	8.1
52	90	24.3
52	91	26.8
52	92	21.6
52	93	21.0
52	94	16.0
52	95	19.1
52	96	16.8
52	97	22.1
52	98	23.4
52	99	18.4
52	100	26.6
53	54	20.1
53	55	27.2
53	56	24.8
53	57	19.6
53	58	5.1
53	59	17.5
53	60	20.2
53	61	26.0
53	62	30.0
53	63	39.3
53	64	51.0
53	65	52.4
53	66	43.7
53	67	39.7
53	68	20.6
53	69	16.0
53	70	25.0
53	71	42.1
53	72	18.0
53	73	15.7
53	74	20.1
53	75	23.3
53	76	16.3
53	77	20.0
53	78	31.9
53	79	26.2
53	80	19.9
53	81	29.2
53	82	27.2
53	83	23.8
53	84	26.0
53	85	22.8
53	86	35.5
53	87	15.8
53	88	23.7
53	89	11.7
53	90	36.5
53	91	25.1
53	92	17.5
53	93	20.2
53	94	11.7
53	95	13.9
53	96	15.5
53	97	15.6
53	98	20.6
53	99	17.7
53	100	23.0
54	55	8.5
54	56	17.5
54	57	30.2
54	58	21.2
54	59	36.3
54	60	40.3
54	61	45.3
54	62	43.9
54	63	50.0
54	64	63.8
54	65	48.3
54	66	44.7
54	67	26.0
54	68	10.0
54	69	26.9
54	70	33.6
54	71	39.0
54	72	16.4
54	73	17.7
54	74	19.4
54	75	19.7
54	76	15.3
54	77	14.6
54	78	23.3
54	79	19.0
54	80	8.1
54	81	25.1
54	82	45.7
54	83	43.7
54	84	46.0
54	85	41.6
54	86	54.1
54	87	31.0
54	88	38.6
54	89	31.6
54	90	46.0
54	91	43.2
54	92	35.7
54	93	39.3
54	94	31.1
54	95	32.4
54	96	35.1
54	97	33.0
54	98	38.8
54	99	37.1
54	100	40.5
55	56	14.9
55	57	32.9
55	58	27.2
55	59	42.0
55	60	47.3
55	61	51.0
55	62	52.4
55	63	58.4
55	64	72.2
55	65	54.0
55	66	51.9
55	67	18.4
55	68	17.5
55	69	35.4
55	70	42.0
55	71	45.4
55	72	17.5
55	73	19.9
55	74	19.7
55	75	18.4
55	76	23.6
55	77	22.4
55	78	29.1
55	79	25.7
55	80	15.7
55	81	32.0
55	82	53.7
55	83	51.0
55	84	52.6
55	85	47.0
55	86	59.2
55	87	35.4
55	88	47.0
55	89	38.9
55	90	54.4
55	91	48.2
55	92	41.0
55	93	45.0
55	94	37.2
55	95	38.0
55	96	41.2
55	97	38.1
55	98	44.0
55	99	43.1
55	100	45.3
56	57	21.0
56	58	22.0
56	59	34.2
56	60	42.2
56	61	42.7
56	62	54.4
56	63	62.6
56	64	75.3
56	65	65.6
56	66	61.1
56	67	15.7
56	68	27.2
56	69	38.5
56	70	46.8
56	71	56.1
56	72	7.2
56	73	10.3
56	74	7.1
56	75	4.1
56	76	30.3
56	77	31.0
56	78	40.8
56	79	36.2
56	80	25.2
56	81	42.0
56	82	51.7
56	83	46.3
56	84	46.1
56	85	38.3
56	86	49.4
56	87	25.7
56	88	48.3
56	89	35.5
56	90	59.2
56	91	38.6
56	92	32.6
56	93	37.0
56	94	30.9
56	95	30.5
56	96	34.4
56	97	29.4
56	98	35.2
56	99	35.8
56	100	35.5
57	58	14.6
57	59	16.3
57	60	26.6
57	61	23.3
57	62	46.7
57	63	57.2
57	64	67.2
57	65	71.6
57	66	63.3
57	67	35.7
57	68	36.1
57	69	35.4
57	70	44.3
57	71	61.3
57	72	15.5
57	73	13.0
57	74	14.0
57	75	17.0
57	76	34.5
57	77	37.4
57	78	49.4
57	79	43.8
57	80	34.7
57	81	47.9
57	82	38.9
57	83	30.8
57	84	28.3
57	85	18.9
57	86	28.6
57	87	7.2
57	88	40.4
57	89	23.8
57	90	55.0
57	91	18.4
57	92	14.1
57	93	18.4
57	94	16.2
57	95	13.9
57	96	18.0
57	97	11.4
57	98	15.8
57	99	18.4
57	100	15.2
58	59	15.1
58	60	20.6
58	61	24.1
58	62	34.2
58	63	43.9
58	64	55.2
58	65	57.2
58	66	48.8
58	67	37.4
58	68	23.9
58	69	21.0
58	70	30.0
58	71	47.0
58	72	14.9
58	73	12.0
58	74	16.4
58	75	19.8
58	76	20.6
58	77	24.0
58	78	36.1
58	79	30.4
58	80	22.8
58	81	33.8
58	82	29.7
58	83	24.6
58	84	25.5
58	85	20.4
58	86	33.0
58	87	11.3
58	88	27.9
58	89	13.5
58	90	41.3
58	91	22.1
58	92	14.6
58	93	18.1
58	94	10.0
58	95	11.2
58	96	14.0
58	97	12.1
58	98	17.7
58	99	16.0
58	100	19.7
59	60	10.8
59	61	9.0
59	62	34.1
59	63	45.4
59	64	53.3
59	65	67.0
59	66	56.4
59	67	49.8
59	68	38.1
59	69	28.0
59	70	35.8
59	71	56.9
59	72	27.2
59	73	24.0
59	74	27.3
59	75	30.9
59	76	33.3
59	77	37.2
59	78	48.8
59	79	43.3
59	80	37.3
59	81	45.3
59	82	23.8
59	83	14.8
59	84	12.2
59	85	5.4
59	86	18.0
59	87	9.2
59	88	28.4
59	89	12.1
59	90	44.1
59	91	7.8
59	92	2.2
59	93	3.0
59	94	5.8
59	95	4.0
59	96	3.2
59	97	5.0
59	98	3.6
59	99	2.2
59	100	6.7
60	61	11.2
60	62	25.0
60	63	36.4
60	64	43.0
60	65	62.2
60	66	50.4
60	67	57.8
60	68	39.3
60	69	23.9
60	70	29.7
60	71	52.5
60	72	35.0
60	73	31.9
60	74	35.8
60	75	39.4
60	76	33.0
60	77	37.1
60	78	47.5
60	79	42.4
60	80	39.1
60	81	42.9
60	82	13.2
60	83	4.2
60	84	6.7
60	85	12.0
60	86	20.6
60	87	19.4
60	88	20.1
60	89	9.1
60	90	35.8
60	91	15.1
60	92	13.0
60	93	10.0
60	94	11.4
60	95	12.8
60	96	8.6
60	97	15.3
60	98	13.2
60	99	8.5
60	100	16.0
61	62	36.1
61	63	47.4
61	64	53.1
61	65	72.9
61	66	61.4
61	67	58.2
61	68	46.5
61	69	34.0
61	70	40.6
61	71	62.9
61	72	35.9
61	73	32.8
61	74	35.7
61	75	39.2
61	76	41.1
61	77	45.2
61	78	56.4
61	79	51.0
61	80	45.9
61	81	52.4
61	82	23.2
61	83	13.2
61	84	7.1
61	85	4.5
61	86	10.0
61	87	17.1
61	88	31.3
61	89	17.8
61	90	47.0
61	91	5.8
61	92	10.2
61	93	6.0
61	94	14.3
61	95	13.0
61	96	10.4
61	97	13.3
61	98	7.6
61	99	8.2
61	100	8.5
62	63	11.4
62	64	21.0
62	65	42.5
62	66	29.2
62	67	68.2
62	68	37.2
62	69	17.0
62	70	13.2
62	71	34.5
62	72	47.9
62	73	45.6
62	74	50.1
62	75	53.2
62	76	29.7
62	77	32.6
62	78	37.5
62	79	34.5
62	80	38.3
62	81	31.3
62	82	14.2
62	83	23.3
62	84	30.0
62	85	36.9
62	86	44.7
62	87	40.2
62	88	6.3
62	89	23.1
62	90	11.4
62	91	40.0
62	92	36.1
62	93	34.5
62	94	31.1
62	95	34.0
62	96	31.1
62	97	37.0
62	98	37.3
62	99	32.2
62	100	40.4
63	64	14.4
63	65	35.9
63	66	22.4
63	67	75.5
63	68	41.7
63	69	24.2
63	70	16.4
63	71	30.0
63	72	56.6
63	73	54.7
63	74	59.1
63	75	62.0
63	76	34.8
63	77	36.8
63	78	38.0
63	79	36.6
63	80	43.2
63	81	31.8
63	82	25.1
63	83	34.5
63	84	41.2
63	85	48.3
63	86	55.9
63	87	51.0
63	88	17.0
63	89	34.0
63	90	4.5
63	91	51.4
63	92	47.3
63	93	45.9
63	94	42.0
63	95	45.0
63	96	42.3
63	97	48.0
63	98	48.7
63	99	43.6
63	100	51.8
64	65	47.0
64	66	34.2
64	67	88.8
64	68	55.9
64	69	37.2
64	70	30.4
64	71	43.0
64	72	68.9
64	73	66.6
64	74	71.1
64	75	74.2
64	76	48.8
64	77	51.0
64	78	52.4
64	79	51.0
64	80	57.3
64	81	46.1
64	82	30.0
64	83	40.0
64	84	46.2
64	85	55.0
64	86	60.0
64	87	60.4
64	88	27.3
64	89	43.4
64	90	18.9
64	91	58.0
64	92	55.4
64	93	53.1
64	94	51.2
64	95	53.9
64	96	50.5
64	97	56.9
64	98	56.1
64	99	51.2
64	100	59.1
65	66	13.6
65	67	72.2
65	68	38.5
65	69	39.1
65	70	32.6
65	71	10.3
65	72	62.8
65	73	62.6
65	74	66.0
65	75	67.3
65	76	37.3
65	77	35.2
65	78	25.0
65	79	29.4
65	80	40.4
65	81	24.0
65	82	55.8
65	83	62.5
65	84	68.7
65	85	71.7
65	86	82.7
65	87	68.1
65	88	43.8
65	89	55.3
65	90	32.6
65	91	74.7
65	92	68.0
65	93	68.9
65	94	61.6
65	95	64.6
65	96	64.0
65	97	67.1
65	98	70.6
65	99	66.1
65	100	73.6
66	67	70.3
66	68	34.7
66	69	28.6
66	70	20.8
66	71	9.4
66	72	57.0
66	73	56.2
66	74	60.1
66	75	62.0
66	76	31.0
66	77	30.3
66	78	24.2
66	79	26.2
66	80	36.7
66	81	19.9
66	82	42.8
66	83	50.2
66	84	56.6
66	85	60.7
66	86	71.1
66	87	58.9
66	88	31.1
66	89	44.4
66	90	19.0
66	91	63.8
66	92	57.7
66	93	58.0
66	94	51.4
66	95	54.6
66	96	53.3
66	97	57.3
66	98	60.0
66	99	55.2
66	100	63.1
67	68	35.7
67	69	51.6
67	70	59.2
67	71	63.8
67	72	22.8
67	73	25.9
67	74	22.5
67	75	19.0
67	76	41.1
67	77	40.5
67	78	47.4
67	79	44.1
67	80	33.8
67	81	50.4
67	82	66.8
67	83	61.9
67	84	61.7
67	85	53.8
67	86	64.3
67	87	41.1
67	88	62.4
67	89	50.8
67	90	71.7
67	91	53.9
67	92	48.1
67	93	52.6
67	94	46.5
67	95	46.1
67	96	50.1
67	97	44.9
67	98	50.6
67	99	51.5
67	100	50.7
68	69	20.6
68	70	25.5
68	71	29.0
68	72	24.7
68	73	25.1
68	74	27.9
68	75	28.9
68	76	7.6
68	77	5.0
68	78	13.9
68	79	9.1
68	80	2.0
68	81	15.0
68	82	41.8
68	83	42.0
68	84	45.7
68	85	43.5
68	86	56.1
68	87	35.0
68	88	32.7
68	89	30.3
68	90	37.5
68	91	45.6
68	92	38.0
68	93	40.9
68	94	32.3
68	95	34.4
68	96	36.1
68	97	35.8
68	98	41.1
68	99	38.3
68	100	43.4
69	70	9.0
69	71	29.0
69	72	32.6
69	73	30.8
69	74	35.2
69	75	37.9
69	76	13.0
69	77	16.5
69	78	24.5
69	79	20.0
69	80	21.5
69	81	19.3
69	82	22.0
69	83	25.1
69	84	30.5
69	85	32.6
69	86	43.9
69	87	30.4
69	88	12.1
69	89	16.3
69	90	20.9
69	91	35.6
69	92	29.2
69	93	29.8
69	94	22.8
69	95	25.9
69	96	25.0
69	97	28.6
69	98	31.6
69	99	27.0
69	100	34.7
70	71	23.3
70	72	41.2
70	73	39.6
70	74	43.9
70	75	46.6
70	76	18.4
70	77	20.6
70	78	24.3
70	79	21.5
70	80	26.9
70	81	18.1
70	82	23.8
70	83	29.8
70	84	36.1
70	85	40.0
70	86	50.3
70	87	39.1
70	88	11.7
70	89	23.7
70	90	12.5
70	91	43.0
70	92	37.2
70	93	37.2
70	94	31.0
70	95	34.2
70	96	32.6
70	97	37.0
70	98	39.4
70	99	34.5
70	100	42.5
71	72	53.0
71	73	52.6
71	74	56.1
71	75	57.6
71	76	27.2
71	77	25.3
71	78	16.5
71	79	20.0
71	80	31.0
71	81	14.1
71	82	47.0
71	83	53.0
71	84	59.0
71	85	61.6
71	86	72.9
71	87	57.8
71	88	34.9
71	89	45.3
71	90	26.0
71	91	64.5
71	92	57.8
71	93	58.8
71	94	51.4
71	95	54.4
71	96	53.9
71	97	56.9
71	98	60.4
71	99	56.0
71	100	63.4
72	73	3.2
72	74	3.2
72	75	5.4
72	76	26.1
72	77	27.7
72	78	38.6
72	79	33.5
72	80	22.8
72	81	38.8
72	82	44.6
72	83	39.1
72	84	39.0
72	85	31.6
72	86	43.0
72	87	19.1
72	88	41.7
72	89	28.3
72	90	53.5
72	91	32.1
72	92	25.7
72	93	30.1
72	94	23.7
72	95	23.4
72	96	27.3
72	97	22.6
72	98	28.4
72	99	28.8
72	100	29.1
73	74	4.5
73	75	7.8
73	76	25.5
73	77	27.5
73	78	38.9
73	79	33.6
73	80	23.3
73	81	38.6
73	82	41.7
73	83	36.1
73	84	35.8
73	85	28.4
73	86	40.0
73	87	16.0
73	88	39.4
73	89	25.5
73	90	51.7
73	91	29.1
73	92	22.6
73	93	26.9
73	94	20.6
73	95	20.2
73	96	24.2
73	97	19.4
73	98	25.3
73	99	25.6
73	100	26.0
74	75	3.6
74	76	29.2
74	77	30.8
74	78	41.8
74	79	36.7
74	80	26.0
74	81	42.0
74	82	46.0
74	83	40.0
74	84	39.4
74	85	31.3
74	86	42.3
74	87	18.7
74	88	43.8
74	89	29.7
74	90	56.0
74	91	31.6
74	92	25.6
74	93	30.1
74	94	24.4
74	95	23.7
74	96	27.8
74	97	22.5
74	98	28.2
74	99	29.1
74	100	28.4
75	76	31.0
75	77	32.2
75	78	42.7
75	79	37.9
75	80	26.9
75	81	43.4
75	82	49.5
75	83	43.6
75	84	42.9
75	85	34.8
75	86	45.5
75	87	22.1
75	88	47.0
75	89	33.2
75	90	58.8
75	91	34.9
75	92	29.2
75	93	33.6
75	94	28.0
75	95	27.3
75	96	31.4
75	97	26.0
75	98	31.6
75	99	32.6
75	100	31.8
76	77	4.1
76	78	15.6
76	79	10.0
76	80	8.6
76	81	13.4
76	82	34.4
76	83	35.4
76	84	39.6
76	85	38.6
76	86	51.0
76	87	31.9
76	88	25.1
76	89	24.0
76	90	30.8
76	91	41.0
76	92	33.6
76	93	35.8
76	94	27.5
76	95	30.0
76	96	30.9
76	97	31.9
76	98	36.6
76	99	33.1
76	100	39.2
77	78	12.0
77	79	6.4
77	80	6.7
77	81	11.2
77	82	38.2
77	83	39.5
77	84	43.7
77	85	42.5
77	86	55.0
77	87	35.4
77	88	28.5
77	89	28.2
77	90	32.6
77	91	44.9
77	92	37.4
77	93	39.8
77	94	31.4
77	95	33.8
77	96	34.9
77	97	35.6
77	98	40.5
77	99	37.1
77	100	43.0
78	79	5.7
78	80	15.8
78	81	6.3
78	82	46.3
78	83	49.3
78	84	54.2
78	85	54.1
78	86	66.4
78	87	47.4
78	88	35.0
78	89	38.9
78	90	33.5
78	91	56.6
78	92	49.2
78	93	51.3
78	94	43.0
78	95	45.6
78	96	46.3
78	97	47.5
78	98	52.2
78	99	48.5
78	100	54.8
79	80	11.0
79	81	6.3
79	82	42.0
79	83	44.4
79	84	49.0
79	85	48.5
79	86	60.9
79	87	41.7
79	88	31.3
79	89	33.6
79	90	32.2
79	91	51.0
79	92	43.6
79	93	45.8
79	94	37.4
79	95	40.0
79	96	40.8
79	97	41.9
79	98	46.6
79	99	43.0
79	100	49.2
80	81	17.0
80	82	42.2
80	83	42.0
80	84	45.4
80	85	42.7
80	86	55.4
80	87	33.8
80	88	33.5
80	89	30.1
80	90	39.1
80	91	44.8
80	92	37.2
80	93	40.2
80	94	31.6
80	95	33.6
80	96	35.4
80	97	34.9
80	98	40.3
80	99	37.6
80	100	42.5
81	82	40.6
81	83	44.4
81	84	49.6
81	85	50.4
81	86	62.4
81	87	45.0
81	88	29.1
81	89	34.7
81	90	27.3
81	91	53.2
81	92	46.0
81	93	47.6
81	94	39.6
81	95	42.4
81	96	42.6
81	97	44.6
81	98	48.8
81	99	44.8
81	100	51.6
82	83	10.0
82	84	16.5
82	85	25.0
82	86	31.0
82	87	31.8
82	88	12.1
82	89	16.3
82	90	25.6
82	91	28.0
82	92	26.0
82	93	23.2
82	94	22.8
82	95	25.1
82	96	21.2
82	97	27.9
82	98	26.3
82	99	21.6
82	100	29.2
83	84	6.7
83	85	15.1
83	86	21.5
83	87	23.6
83	88	19.2
83	89	12.2
83	90	34.5
83	91	18.0
83	92	17.0
83	93	13.6
83	94	15.6
83	95	17.0
83	96	12.8
83	97	19.4
83	98	16.8
83	99	12.5
83	100	19.4
84	85	10.3
84	86	14.8
84	87	21.4
84	88	25.8
84	89	15.5
84	90	41.2
84	91	12.6
84	92	14.2
84	93	9.9
84	94	15.5
84	95	15.7
84	96	11.7
84	97	17.2
84	98	12.8
84	99	10.3
84	100	14.8
85	86	12.6
85	87	12.6
85	88	31.6
85	89	16.4
85	90	47.4
85	91	3.2
85	92	6.0
85	93	2.8
85	94	11.2
85	95	9.2
85	96	7.8
85	97	9.1
85	98	3.2
85	99	5.7
85	100	4.5
86	87	24.0
86	88	40.5
86	89	27.8
86	90	55.9
86	91	11.0
86	92	18.4
86	93	15.2
86	94	23.8
86	95	21.8
86	96	20.1
86	97	21.2
86	98	15.3
86	99	17.9
86	100	14.0
87	88	34.1
87	89	17.1
87	90	49.1
87	91	13.0
87	92	7.2
87	93	11.7
87	94	9.2
87	95	6.7
87	96	10.8
87	97	4.2
87	98	9.5
87	99	11.3
87	100	10.0
88	89	17.0
88	90	15.8
88	91	34.8
88	92	30.3
88	93	29.1
88	94	25.0
88	95	28.0
88	96	25.3
88	97	31.0
88	98	31.8
88	99	26.7
88	100	34.9
89	90	32.4
89	91	19.4
89	92	13.6
89	93	13.6
89	94	8.0
89	95	11.0
89	96	8.9
89	97	14.0
89	98	15.7
89	99	10.8
89	100	18.8
90	91	50.6
90	92	45.9
90	93	44.9
90	94	40.3
90	95	43.4
90	96	41.0
90	97	46.4
90	98	47.5
90	99	42.4
90	100	50.7
91	92	7.6
91	93	5.8
91	94	13.6
91	95	11.2
91	96	10.6
91	97	10.2
91	98	4.5
91	99	8.6
91	100	3.2
92	93	4.5
92	94	6.4
92	95	3.6
92	96	5.0
92	97	3.2
92	98	3.2
92	99	4.5
92	100	5.7
93	94	8.5
93	95	7.0
93	96	5.0
93	97	7.6
93	98	3.2
93	99	2.8
93	100	6.0
94	95	3.2
94	96	4.0
94	97	6.1
94	98	9.2
94	99	6.1
94	100	12.0
95	96	4.2
95	97	3.0
95	98	6.7
95	99	5.4
95	100	9.2
96	97	6.7
96	98	6.7
96	99	2.2
96	100	9.8
97	98	6.0
97	99	7.1
97	100	7.6
98	99	5.1
98	100	3.2
99	100	8.2